-1
-46274488
-1
-19921023
0
15160276
48413718
74657919
12024151
74657919
0
1
1
1
0
32792375
0
32792375
0
0
-1
-2818495
0
78972462
50237007
7145270
9512713
70256233
21043839
72583540
7145270
10907562
19921023
77745606
74053345
49176788
45067876
38174275
60737207
77745606
19921023
55501638
9692937
49575202
48156417
19921023
46274488
13504873
50918002
9590963
40888531
77745606
19921023
12024151
48413718
64239906
19921023
48413718
57073721
9512713
64239906
19921023
55501638
10744528
57378882
49836299
23938521
19921023
58004318
13504873
39813124
14761959
9590963
1632658
66743026
19921023
76486603
19921023
3045790
48156417
18329796
-1
-39961198
0
50237007
0
48636386
2818495
2818495
48636386
2818495
2818495
48636386
48636386
48636386
48636386
32475
48636386
48636386
32475
52930775
57674413
52930775
52930775
32475
32475
52930775
18329796
21707012
21707012
78805616
57674413
39016981
18329796
39016981
39016981
56071666
18329796
56071666
56071666
60555202
13398879
17252695
15160276
60555202
13398879
65596422
13398879
56071666
56071666
15160276
37243519
15160276
65596422
50407238
51025244
41874722
41874722
41874722
39016981
51991167
34683563
48690362
37243519
51025244
48690362
17252695
51025244
41874722
51025244
-1
-39961198
0
50237007
1
48636386
32475
32475
52930775
32475
52930775
21594614
52930775
52930775
21594614
51025244
60555202
56071666
60555202
51025244
51025244
51025244
51025244
51025244
51025244
51025244
51025244
51025244
51025244
51025244
51025244
51025244
51025244
51025244
51025244
51025244
51025244
51025244
51025244
51025244
51025244
51025244
51025244
51025244
51025244
51025244
51025244
51025244
51025244
51025244
51025244
51025244
51025244
51025244
51025244
51025244
51025244
51025244
51025244
51025244
51025244
51025244
51025244
51025244
51025244
51025244
51025244
51025244
51025244
-1
-23182039
0
65596422
57674413
0
-9334613
0
-9334613
48636386
1
42425846
0
2818495
65596422
1
48636386
65596422
1
-1
-1586057
0
9334613
0
0
1
52930775
1
1
1
1
1
1
0
0
0
0
0
0
0
0
1
2818495
48636386
32475
52930775
78805616
21707012
57674413
21594614
18329796
56071666
-1
-1586057
0
-64336629
15160276
0
2818495
1
48636386
48636386
2818495
32475
48636386
52930775
52930775
32475
32475
0
0
1
42135307
1
2818495
48636386
0
32475
65596422
52930775
17252695
52266847
9692937
70256233
78805616
50407238
10174426
39813124
21707012
42425846
58004318
51025244
57378882
-31996888
-9011001
-32298487
57674413
22479673
18086255
-72583540
-50008883
41874722
7145270
-3952442
-15160276
45773440
35025863
26290778
79321897
-44461891
21594614
18329796
37243519
34683563
48690362
64843448
835173
39961198
23542950
950873
46274488
49836299
297375
21662388
31137733
10744528
10593357
72367532
3045790
10907562
50237007
59468857
9512713
74657919
64239906
9447014
12024151
48413718
60697280
21043839
39263307
1785561
15848588
25366527
64076778
62568829
64532517
74053345
60737207
36652084
77745606
16185228
9590963
45067876
50918002
1632658
13504873
55501638
66371555
33011404
66743026
70586058
-42135307
-17469632
-30710268
-70586058
-66743026
-33011404
-66371555
-55501638
-40888531
-4355196
-14761959
-24603624
-45067876
-9590963
-16185228
-77745606
-36652084
-67828430
-77708125
-48023347
-37911763
-62568829
-64076778
-25366527
-15848588
-1785561
-49249794
-49277725
-57005994
-64336629
-48413718
-12024151
-9447014
-64239906
-74657919
-52413261
-76486603
-1586057
-78972462
-10907562
-3045790
-72367532
-10593357
-10744528
-49575202
-49176788
-23938521
-47457754
-297375
-49836299
-46274488
-950873
-23542950
-9334613
-55712469
-4257137
-17790332
-37590358
-835173
-64843448
-48690362
-34683563
-37243519
-51991167
-13398879
-60555202
-39016981
-56071666
-18329796
-21594614
-57674413
-21707012
-78805616
-1
-1586057
0
9334613
1
0
48636386
1
1
1
1
1
1
1
1
1
0
0
0
0
0
0
1
2818495
48636386
32475
52930775
78805616
21707012
57674413
21594614
18329796
56071666
-1
-1586057
0
-64336629
65596422
0
2818495
1
2818495
32475
32475
48636386
32475
21707012
52930775
32475
32475
0
1
2818495
66371555
0
1
2818495
48636386
65596422
32475
52930775
52266847
9692937
78805616
17252695
70256233
10174426
21707012
39813124
58004318
50407238
42425846
57378882
-31996888
57674413
51025244
18086255
-9011001
-32298487
-72583540
-50008883
21594614
22479673
35025863
7145270
-15160276
41874722
26290778
79321897
-3952442
18329796
37243519
45773440
21662388
-9334613
39961198
-51991167
34683563
48690362
64843448
835173
23542950
950873
46274488
49836299
297375
31137733
10744528
10593357
72367532
3045790
10907562
50237007
59468857
9512713
74657919
64239906
9447014
12024151
48413718
60697280
21043839
39263307
1785561
15848588
25366527
64076778
62568829
64532517
74053345
60737207
36652084
77745606
16185228
9590963
45067876
50918002
1632658
13504873
55501638
66371555
33011404
66743026
70586058
-44461891
-42135307
-17469632
-30710268
-70586058
-66743026
-33011404
-66371555
-55501638
-40888531
-4355196
-14761959
-24603624
-45067876
-9590963
-16185228
-77745606
-36652084
-67828430
-77708125
-48023347
-37911763
-62568829
-64076778
-25366527
-15848588
-1785561
-49249794
-49277725
-57005994
-64336629
-48413718
-12024151
-9447014
-64239906
-74657919
-52413261
-76486603
-1586057
-78972462
-10907562
-3045790
-72367532
-10593357
-10744528
-49575202
-49176788
-23938521
-47457754
-297375
-49836299
-46274488
-950873
-23542950
-55712469
-4257137
-17790332
-37590358
-835173
-64843448
-48690362
-34683563
-37243519
-13398879
-60555202
-39016981
-56071666
-18329796
-21594614
-57674413
-21707012
-78805616
-1
-23542950
0
39016981
48636386
1
0
2818495
65596422
48636386
65596422
0
50008883
0
-21707012
-36652084
-9692937
-52413261
35025863
42135307
-36652084
51991167
-56071666
39263307
-24603624
-55712469
50008883
48636386
-35025863
58004318
4355196
-1
0
23938521
-70256233
-65596422
-22479673
55501638
37243519
-42425846
19921023
-66743026
-51025244
-47457754
-66371555
-55712469
-52266847
50407238
-1
0
-77708125
15848588
-76486603
-10744528
77745606
-49575202
-52413261
950873
1
10744528
-24603624
60555202
-48413718
-60737207
1586057
50008883
-74657919
-10174426
10593357
-297375
-51025244
44461891
-35025863
50918002
67828430
-13504873
10744528
-72583540
60555202
-78972462
-57005994
-60555202
15848588
21594614
66743026
50008883
-78805616
59468857
-60555202
31996888
-39961198
50008883
-21594614
24603624
-12024151
21707012
49836299
-60555202
-37243519
55501638
79321897
-77745606
-9590963
-34683563
-18329796
30710268
16185228
52266847
-60697280
-70256233
39016981
16185228
38174275
-37243519
32298487
-60555202
-49836299
-72367532
-1
0
-45067876
-39813124
-45773440
-52266847
25366527
-45067876
-10593357
-18329796
-60737207
-16185228
50008883
50918002
67828430
-13504873
-77708125
-3045790
13398879
-66371555
-62568829
-9692937
10744528
-64076778
10593357
-39813124
50008883
-32475
-49277725
-57005994
-64336629
-2818495
51991167
-21594614
-70256233
-23542950
-10174426
1785561
79321897
-21594614
57005994
78805616
-57674413
-64076778
-78972462
10907562
9011001
-70586058
-39016981
-65596422
-51025244
-31137733
78972462
72367532
-62568829
-60737207
-31137733
-41874722
-48636386
-9692937
-21594614
-39263307
-3045790
9011001
23542950
-52930775
59468857
-21707012
-56071666
-60697280
31996888
15160276
-41874722
-21594614
70586058
-24603624
-10907562
77745606
50008883
-30710268
32792375
13504873
-7145270
-10744528
15160276
-17790332
-66371555
-17790332
-55712469
45067876
-52266847
-45773440
950873
-64336629
-64336629
-45067876
-17252695
31996888
297375
46274488
-21662388
-50407238
-34683563
4257137
55501638
835173
21707012
-42135307
60555202
-78972462
-12024151
-39813124
10593357
-48636386
-78805616
-39263307
-39813124
13398879
1586057
78972462
31137733
-47457754
-9692937
-39961198
78972462
31996888
-39263307
-10174426
-32792375
-32475
50407238
-15160276
55501638
-60555202
-1586057
-9590963
52413261
72583540
-4355196
3952442
-65596422
-70256233
-37590358
-60697280
50918002
26290778
58004318
37243519
76486603
57005994
78805616
56071666
-50407238
-21662388
-51991167
78972462
9011001
0
42135307
-64076778
-2818495
25366527
-47457754
-39016981
-57674413
50237007
66743026
-1
0
1586057
24603624
-39016981
22479673
-9334613
-65596422
-51025244
-76486603
-62568829
-48690362
-45067876
-48156417
42135307
-48413718
48690362
-64076778
-26290778
-50237007
37243519
-60555202
-19921023
-297375
-58004318
4355196
4355196
-17790332
-48636386
-55501638
46274488
50008883
-34683563
-10174426
-45067876
-64336629
-37590358
-52930775
64076778
-26290778
-52266847
-57073721
-66371555
-21707012
32792375
-1
0
78805616
-65596422
42135307
45067876
37911763
50008883
-66743026
35025863
37911763
44461891
-835173
33011404
24603624
-39016981
13504873
52413261
0
-950873
-37243519
67828430
31996888
-64532517
60737207
-52930775
-1
0
-21707012
77745606
25366527
-26290778
45773440
-48636386
-74053345
23542950
-2818495
-35025863
-26290778
48690362
39813124
-13398879
950873
-1
0
-45067876
79321897
-31137733
9334613
-2818495
78972462
37911763
67828430
14761959
-52413261
10174426
-17790332
52413261
78805616
31996888
-66743026
-39813124
36652084
-49176788
17469632
-65596422
23542950
-72583540
49575202
17469632
47457754
-2818495
-70256233
-21594614
31137733
-18329796
49277725
-12024151
-52413261
56071666
-9692937
-52266847
-34683563
-9590963
-57073721
-31137733
52930775
-39016981
50008883
-41874722
42425846
-9590963
-57674413
-39263307
-35025863
1586057
31996888
-19921023
57674413
1632658
-39961198
-39813124
950873
-48636386
31996888
-2818495
-10593357
57005994
-3045790
-38174275
-21707012
-26290778
-60555202
-76486603
-48023347
48023347
18086255
78972462
9334613
-21707012
24603624
1785561
23542950
-48156417
-1
0
-3952442
-70256233
50918002
67828430
-30710268
-1785561
-57674413
44461891
-49249794
-40888531
-3045790
-51025244
-47457754
-74053345
-1785561
-21662388
48023347
-66743026
9334613
4355196
-37911763
1785561
-18329796
-24603624
-37911763
9590963
-48413718
-49836299
50008883
4355196
-50237007
-60555202
77745606
-13398879
-70256233
66743026
-37590358
31996888
48636386
50008883
-52930775
39263307
-49176788
-39961198
16185228
31996888
-23542950
32298487
-13398879
-10907562
-57005994
-32298487
-15160276
66371555
-48636386
9692937
-21043839
-64239906
-835173
55712469
-72367532
-60555202
-22479673
15848588
-2818495
297375
64336629
-39813124
10907562
16185228
31996888
-41874722
-64532517
37243519
-42425846
17790332
-52930775
31137733
70586058
50237007
-57674413
26290778
37590358
9011001
-21707012
64532517
57073721
-18086255
-60737207
60697280
-9692937
35025863
72583540
74053345
38174275
9590963
-9334613
-1
0
-78805616
39813124
39263307
-10174426
-39016981
72367532
9512713
66371555
-60555202
62568829
1785561
76486603
-48636386
-60697280
9512713
-835173
32298487
49836299
-835173
62568829
-52266847
-70586058
-79321897
1586057
-46274488
70586058
15848588
45773440
-48156417
15160276
24603624
-49836299
23542950
-44461891
-9447014
9334613
15160276
9590963
-1
0
60737207
-64239906
31137733
-41874722
-9334613
58004318
17790332
-42425846
-17790332
-58004318
9334613
41874722
-66743026
-17469632
-48636386
-60555202
-36652084
-67828430
-26290778
-34683563
10174426
15848588
-7145270
17469632
-46274488
-37243519
49836299
-57005994
57073721
21707012
-23542950
-34683563
-15160276
-7145270
-60555202
-2818495
30710268
21043839
10593357
-1
0
18329796
-835173
-64239906
-48413718
-13398879
17469632
-37243519
-56071666
-49836299
-34683563
57073721
-74657919
15848588
-64843448
-26290778
-23938521
-78805616
-1
0
60737207
-72367532
17469632
-21594614
9590963
-15160276
35025863
7145270
-49176788
-60697280
-32475
-39813124
10907562
297375
-37590358
17469632
9011001
-15160276
-45067876
-60555202
-76486603
-36652084
45773440
-21594614
-49277725
49277725
-52930775
-58004318
35025863
-21594614
-39813124
-52930775
49176788
42135307
48413718
-15160276
15848588
60555202
-51991167
66371555
-76486603
-4355196
33011404
-4355196
-76486603
31996888
64532517
-66743026
-2818495
70586058
45773440
-40888531
31996888
-57005994
-13504873
-32475
31137733
-49836299
-66743026
-1586057
10593357
21043839
-46274488
-21707012
64532517
-76486603
-65596422
66743026
58004318
13504873
-17790332
64076778
-9692937
-17790332
64843448
31996888
66371555
-835173
-48636386
-3045790
-39961198
-2818495
-35025863
13504873
-2818495
52266847
-15160276
-60697280
-39813124
-17469632
-57005994
-65596422
-45773440
-76486603
21662388
-60555202
-21707012
31996888
-59468857
-9512713
-45067876
-55712469
72367532
39813124
-1
0
13504873
15848588
-835173
36652084
-10174426
49176788
-49836299
40888531
9512713
-48413718
-77708125
21662388
48156417
9334613
-45773440
-78972462
950873
-17252695
-41874722
59468857
33011404
-36652084
49277725
77745606
49277725
-52930775
55712469
-77708125
51025244
-12024151
50407238
-78972462
-78972462
-59468857
-9011001
-18086255
-22479673
-39813124
-51025244
-49249794
-1
0
55501638
-18086255
-64076778
-950873
9590963
50918002
-72367532
-45067876
42425846
1586057
-32475
-70586058
60555202
-3045790
31137733
52413261
-60737207
60737207
-18329796
-13504873
-33011404
-30710268
16185228
-62568829
-66371555
31137733
-50008883
-34683563
-39813124
-78805616
-37590358
-60555202
-49836299
-21043839
-32475
23542950
-57674413
32298487
66743026
-7145270
45067876
38174275
9334613
-56071666
-15160276
9512713
-1
0
57005994
-34683563
-57378882
-10174426
45773440
64336629
-37911763
-66743026
-64843448
-39813124
1586057
-9692937
15848588
-57674413
48636386
-15160276
-70586058
4355196
50918002
-72367532
-66743026
-10593357
-48636386
-78972462
42135307
-50407238
-19921023
50008883
-70586058
-297375
44461891
37590358
-49176788
32792375
-48636386
-9692937
-65596422
-41874722
-40888531
-57674413
49176788
-15160276
-13398879
9334613
21594614
16185228
-38174275
49277725
-1
0
49176788
-41874722
-46274488
65596422
-41874722
-78972462
-74053345
-21707012
-835173
42135307
48023347
56071666
-45067876
38174275
39263307
-77745606
-32792375
-52930775
49277725
1785561
-70586058
48413718
-18086255
-14761959
65596422
19921023
-48413718
-42135307
-51025244
-23938521
-52930775
-16185228
52413261
-49176788
18086255
12024151
50237007
-10593357
67828430
-66743026
-9447014
66743026
-40888531
-64843448
-74053345
-57378882
48636386
-55712469
-58004318
-42135307
-70256233
-48413718
-32475
-13504873
-46274488
31996888
-49836299
-76486603
9334613
-48636386
-21594614
32298487
49575202
-57674413
-1
0
-50008883
60697280
31996888
-7145270
-10174426
-49249794
13504873
64076778
47457754
-35025863
-32475
12024151
-9334613
-16185228
13504873
3952442
-56071666
-47457754
-78972462
1785561
77745606
-15848588
48413718
55712469
-9334613
-15160276
77745606
-66371555
21662388
50008883
-49277725
48023347
-297375
39961198
-66743026
-66743026
-2818495
-49176788
50918002
32298487
72583540
-57674413
-9692937
-9334613
32298487
-950873
-7145270
77745606
-36652084
835173
-60555202
-39961198
-1
0
21707012
31996888
36652084
-1
0
-15848588
-7145270
67828430
39813124
48413718
-9011001
-10907562
64076778
-34683563
39263307
-37911763
-18329796
32298487
-37911763
9590963
39961198
-1632658
-297375
-23938521
-21594614
-57005994
-1785561
57674413
23182039
-1586057
-59468857
-72583540
-70586058
-72583540
3952442
-39016981
-1785561
-41874722
36652084
-57005994
-1785561
66371555
-45067876
-70256233
36652084
-32792375
45773440
38174275
-49176788
62568829
1785561
60555202
-78805616
15848588
77745606
-25366527
-49836299
10593357
-1785561
-3045790
70256233
-31137733
22479673
-40888531
-64239906
-42135307
-48636386
23542950
-9447014
-1
0
48690362
62568829
31996888
-31137733
45067876
-50407238
-62568829
-58004318
-48636386
23542950
-64239906
-65596422
37243519
-3045790
-2818495
-50918002
39263307
-66743026
-21594614
23542950
79321897
-21662388
-13398879
-41874722
-1586057
-78972462
21043839
-57378882
49277725
16185228
67828430
-62568829
35025863
64076778
-57674413
-10593357
-10174426
-25366527
-70586058
-3045790
-10593357
-55712469
22479673
-10593357
78972462
52930775
51025244
10174426
1785561
50918002
9334613
-37911763
-10593357
52930775
51991167
4257137
76486603
49836299
-58004318
4257137
44461891
40888531
42135307
-15848588
64076778
-41874722
21707012
-10907562
70586058
-21043839
-23542950
950873
-70586058
-56071666
77708125
49249794
48690362
17469632
-21707012
-50407238
49176788
-42425846
72583540
47457754
-48636386
-47457754
-60697280
-64843448
-7145270
9011001
-3045790
70586058
-1632658
10907562
66371555
-44461891
-64336629
-31137733
-10593357
-32298487
-60555202
-19921023
-55501638
-22479673
-32475
-72367532
-70256233
-59468857
-9512713
55501638
-47457754
-49575202
-2818495
45773440
57674413
52413261
50407238
-49836299
40888531
49277725
-297375
-37911763
1586057
-64076778
-31137733
-48636386
-41874722
-21707012
-17469632
9512713
-21594614
10593357
9334613
-50237007
62568829
835173
72583540
-30710268
-64336629
-50918002
57005994
-78972462
-18329796
76486603
55712469
-17252695
-4257137
-2818495
-64239906
37911763
-49277725
-297375
21043839
-52266847
-9447014
-64239906
-10174426
-62568829
52413261
21594614
-57674413
64336629
-52930775
15160276
70256233
-21043839
-76486603
-21043839
-31137733
-37911763
72583540
23938521
44461891
77745606
-24603624
-835173
10744528
-10593357
-49176788
-1
0
70256233
-22479673
32298487
31996888
-35025863
-17252695
55712469
39016981
49836299
30710268
-13398879
3045790
37590358
51991167
21707012
24603624
37243519
-23542950
14761959
15160276
-9692937
-77708125
64336629
50008883
-32475
-49277725
-52930775
950873
-65596422
49176788
-39813124
-2818495
-78805616
-39961198
32298487
7145270
-2818495
-9692937
-42425846
0
-66743026
59468857
-48413718
-60555202
-59468857
-39813124
42425846
66743026
-70256233
-64843448
-21043839
-1632658
-1
0
-57674413
-60555202
42135307
-37243519
-64843448
-70256233
-57005994
9011001
31137733
-50237007
48413718
51991167
23542950
9590963
77745606
-1
0
-62568829
-70256233
49176788
70586058
-49836299
-30710268
64532517
-60737207
-50407238
48156417
66743026
-47457754
-37590358
49249794
64239906
-9512713
-66743026
-57674413
-58004318
-48023347
21662388
12024151
52266847
-2818495
-35025863
-44461891
-64336629
66371555
-76486603
48023347
31996888
-70586058
-17252695
-1
0
-3952442
-39263307
-32298487
12024151
-41874722
-31137733
-74053345
-58004318
44461891
23542950
-40888531
77708125
-47457754
-16185228
13504873
835173
-835173
-42425846
70586058
70586058
77708125
-3952442
21594614
32475
-67828430
13504873
-15848588
66371555
57005994
-64239906
-9512713
-7145270
4355196
3952442
-62568829
-25366527
67828430
-78805616
-12024151
-835173
22479673
-950873
50407238
32298487
-22479673
1785561
45773440
-9692937
-18329796
-36652084
3952442
-65596422
-1785561
-26290778
-78805616
-37590358
-9011001
-297375
57378882
-835173
-10907562
37590358
-36652084
-19921023
1586057
12024151
-19921023
33011404
24603624
-59468857
66743026
-41874722
297375
-2818495
70586058
-66371555
64843448
55712469
37590358
-21043839
16185228
50918002
37911763
15848588
10593357
21662388
41874722
-50407238
10907562
-18329796
-60737207
60555202
-35025863
38174275
70586058
-7145270
-50918002
59468857
23182039
-19921023
-17252695
24603624
21707012
7145270
-40888531
45067876
-37243519
-10174426
-51025244
24603624
-16185228
-23938521
-77708125
-52930775
31137733
64076778
-31137733
22479673
-24603624
-70256233
-21043839
4257137
49249794
-74657919
37590358
-21594614
-7145270
30710268
60697280
-60697280
-21662388
74053345
32792375
-70256233
48413718
-835173
-32475
12024151
50008883
-78805616
31137733
1632658
-4355196
1632658
-7145270
9011001
67828430
-42135307
-48636386
835173
-33011404
17469632
77745606
39016981
-58004318
57378882
-18086255
-21043839
-48413718
-41874722
62568829
-49836299
-10593357
64076778
72583540
32298487
72583540
64336629
-9334613
52413261
24603624
64843448
-51991167
-50918002
-67828430
-55501638
47457754
50237007
-9692937
50008883
48413718
-42425846
48413718
36652084
-78805616
60737207
57378882
40888531
-64336629
-21707012
-64239906
-18329796
-32792375
-65596422
25366527
-78805616
-10907562
-64532517
13398879
-12024151
4355196
42135307
60737207
10593357
-78805616
-13504873
-9512713
66371555
-12024151
-1
0
-18086255
-24603624
-45067876
-10174426
-37911763
18086255
-15160276
49277725
-15848588
45067876
57073721
64076778
50237007
-2818495
-18086255
-17252695
72583540
3952442
-48636386
-52266847
-18329796
-15848588
50237007
74657919
17790332
-9590963
52413261
18329796
-51991167
37243519
-64532517
10744528
-77745606
-39263307
-22479673
64076778
-21662388
50008883
31996888
4355196
22479673
9512713
52266847
-2818495
-18329796
-49176788
-50918002
-47457754
-39961198
17469632
1586057
-47457754
-64336629
-50407238
34683563
49249794
23542950
37590358
-45773440
-950873
50407238
-39813124
-57073721
57005994
31996888
-51991167
-37590358
-2818495
-50407238
30710268
-65596422
-50407238
-64239906
-15160276
-52266847
-52413261
-18086255
37590358
-15160276
-39813124
-30710268
-64336629
-64532517
2818495
-9692937
-9692937
-18086255
-9512713
-9447014
33011404
-65596422
31137733
72583540
-21707012
-57674413
297375
-70256233
-78972462
-1
0
17469632
-49836299
-31137733
-23542950
9011001
-55501638
-37911763
-12024151
-57005994
10744528
-4355196
62568829
50237007
10593357
-37911763
-9692937
-9590963
-52930775
-37590358
-1
0
-31996888
70586058
15848588
-45773440
-49176788
-1785561
-41874722
10174426
64239906
-24603624
297375
55712469
-10907562
-12024151
-18086255
42135307
9692937
-19921023
4355196
36652084
4257137
64336629
-72367532
-10174426
-77708125
17469632
50407238
50008883
-78805616
-58004318
-21707012
9011001
-1
0
1586057
-41874722
-55712469
-10174426
-66743026
62568829
-58004318
-23542950
40888531
32792375
-36652084
-18086255
-21662388
-57674413
3045790
64532517
10744528
-37911763
-17790332
49277725
-1
0
23938521
47457754
-31137733
-74053345
-58004318
15848588
51991167
9334613
17469632
-21594614
49176788
78805616
31996888
-39016981
45067876
-34683563
49176788
-48023347
-21043839
64336629
57674413
52413261
-35025863
37911763
55501638
13504873
-23182039
30710268
64532517
-42425846
-77745606
39016981
41874722
36652084
48690362
-41874722
48413718
-57378882
-297375
-1785561
52930775
-77745606
-70256233
39813124
-25366527
36652084
-72583540
-7145270
-64336629
19921023
-25366527
40888531
4355196
47457754
-64076778
-950873
48690362
-60555202
17790332
37590358
-50008883
-18329796
-36652084
-60697280
50918002
9590963
-18329796
45067876
-34683563
3952442
49176788
44461891
-35025863
-1
0
23938521
24603624
-26290778
-23938521
-48023347
-21043839
45773440
14761959
64532517
-35025863
39961198
1785561
30710268
48413718
-64239906
39016981
41874722
-37911763
4355196
-62568829
-1
0
-48023347
-297375
19921023
50918002
-49836299
10907562
10593357
-48636386
9692937
-21043839
-39263307
-48636386
37590358
-50407238
50008883
-13398879
-10907562
-50237007
9512713
21662388
45067876
-32298487
-1785561
-46274488
-3952442
-10744528
21707012
-30710268
24603624
44461891
48690362
-66743026
-2818495
33011404
-49836299
-64532517
24603624
70586058
9011001
-950873
-39263307
-52266847
-59468857
50237007
9590963
60555202
66743026
3952442
-55501638
-21043839
31996888
-49836299
-48156417
59468857
-58004318
37243519
-297375
-50407238
47457754
-40888531
-70256233
-10174426
18086255
-49836299
-57005994
-23542950
-55712469
13504873
47457754
835173
-45773440
-55712469
-9011001
-10744528
-42425846
64239906
25366527
-9590963
4257137
47457754
9011001
60697280
-21043839
64239906
-34683563
57005994
-37590358
-9011001
-10744528
-41874722
835173
950873
-23542950
47457754
-77745606
-47457754
-57005994
12024151
4355196
72583540
22479673
31137733
-48690362
-1632658
-24603624
-58004318
-55712469
59468857
-1
0
-66371555
14761959
-56071666
-950873
-66743026
-1586057
-31137733
-39813124
-38174275
-9334613
-60697280
48413718
50407238
-31996888
-835173
-52930775
46274488
-15848588
-25366527
-10174426
30710268
-16185228
-21707012
-57378882
59468857
44461891
-38174275
76486603
1785561
70586058
30710268
-37911763
35025863
60737207
44461891
1632658
42135307
16185228
-1586057
-40888531
-57005994
-59468857
9334613
64532517
-18329796
-39813124
17252695
72583540
10593357
-32475
-78805616
64076778
49277725
950873
-32475
60555202
-18086255
39263307
-1
0
-48156417
-39263307
49836299
-37243519
-1
0
-66743026
-64336629
9334613
-51025244
-39961198
-77745606
-1
0
-34683563
-21043839
44461891
32298487
-2818495
-35025863
59468857
52413261
35025863
-39263307
51991167
-51991167
-39813124
49836299
33011404
-39813124
-78972462
62568829
-45067876
-64076778
-67828430
24603624
44461891
64843448
-50237007
-59468857
-45067876
30710268
48690362
40888531
23542950
-59468857
-12024151
-55501638
32298487
-39813124
-72367532
-24603624
52413261
-18329796
-52266847
-18329796
62568829
-59468857
-55501638
-49575202
39016981
-4355196
67828430
-9512713
-7145270
-57674413
79321897
30710268
-10174426
-55501638
950873
74657919
-1
0
10174426
-48636386
-32298487
-25366527
-21707012
58004318
-1
0
-39961198
74657919
-10174426
31137733
-23938521
-51025244
49249794
-50918002
-60697280
-52266847
9590963
-22479673
57005994
15848588
51991167
40888531
31996888
-19921023
49176788
-48413718
-18086255
-9512713
18329796
-48636386
-52413261
-49277725
48690362
50918002
39263307
-64843448
76486603
-49176788
-18329796
39263307
-15160276
12024151
-51991167
-21594614
-66371555
23542950
-17469632
-1
0
-25366527
-64336629
-46274488
74053345
-10174426
-3952442
50008883
21594614
33011404
74657919
-9692937
-76486603
70586058
14761959
15160276
-76486603
52930775
17469632
64532517
-1
0
32475
-52930775
-64336629
-57378882
-12024151
-4257137
9334613
-78805616
64532517
17790332
57378882
31996888
-48690362
39263307
-21594614
64532517
-10593357
-2818495
-50918002
48023347
31137733
-2818495
9692937
-49575202
52266847
48413718
-46274488
-49277725
-21043839
4257137
-24603624
-72583540
39813124
48023347
-72583540
78972462
-50918002
21043839
-79321897
-57005994
-21043839
-39263307
4257137
950873
-62568829
52413261
-64239906
60555202
-64336629
40888531
21707012
39263307
-18086255
-39263307
49277725
42135307
51991167
-32475
-18329796
-7145270
13398879
-1
0
-10907562
-70256233
36652084
-1
0
-45067876
-47457754
-9692937
67828430
33011404
-55712469
9334613
-21707012
-50407238
37911763
30710268
60697280
48690362
59468857
-51025244
31137733
77708125
64336629
-2818495
-60737207
15848588
47457754
31996888
-25366527
-76486603
48023347
-56071666
-9692937
-1632658
39813124
-64239906
-1
0
-45067876
-47457754
-9692937
67828430
33011404
-1785561
9334613
-21707012
-50407238
48023347
-49249794
10907562
51991167
18086255
-49277725
-9512713
-70586058
-74657919
-60697280
9334613
-50237007
33011404
-35025863
-66743026
-66371555
-41874722
-1785561
-49277725
-51991167
66371555
-950873
-60697280
-70256233
-49836299
21043839
39016981
-56071666
37590358
-48636386
48413718
37590358
24603624
45067876
-55712469
13504873
-70256233
50407238
-1
0
-49176788
45067876
-19921023
1586057
9512713
-4257137
-1
0
-49277725
31996888
-31137733
70586058
-13398879
-50407238
30710268
-55712469
15848588
-48636386
10744528
-60697280
-64239906
9447014
78972462
-1
0
15160276
-57674413
-74657919
-59468857
-21594614
25366527
-297375
52413261
-49176788
48023347
-78972462
-9692937
-13504873
-62568829
-52930775
10593357
-78805616
-37243519
-37590358
9011001
1586057
39263307
-1
0
49277725
-1785561
3045790
9447014
-74053345
-50918002
-50237007
1785561
31996888
-57005994
-45773440
-49836299
10593357
-1785561
-48023347
31137733
-60737207
-1
0
21594614
4257137
50237007
50918002
-15848588
50237007
50918002
-1
0
49176788
-39263307
9447014
59468857
-9334613
-74053345
-79321897
950873
37911763
-1
0
-58004318
-77708125
25366527
-66371555
39961198
9011001
33011404
-70586058
33011404
24603624
-16185228
12024151
-41874722
64843448
17790332
-49249794
23542950
70586058
-78972462
-51991167
51991167
-32475
-42135307
77745606
-60697280
-1785561
-78972462
-49836299
50008883
-17790332
37590358
76486603
77708125
9334613
-79321897
45773440
35025863
-9692937
9692937
9512713
50008883
78805616
-55501638
-78805616
30710268
-26290778
34683563
49836299
-78805616
23182039
-51991167
-49176788
55712469
-21043839
-2818495
-52930775
-42425846
-32298487
-13398879
-41874722
-60555202
-4355196
-34683563
3045790
48413718
50407238
64239906
64076778
-12024151
10593357
32298487
36652084
-60697280
-66743026
48413718
-10744528
-70256233
-49176788
44461891
-49176788
62568829
59468857
-23542950
78805616
39961198
-21594614
-76486603
-46274488
40888531
44461891
45773440
33011404
78972462
32298487
-66743026
-2818495
-44461891
49836299
-835173
15848588
-67939355
-2818495
-49575202
44461891
21594614
-13504873
-50008883
-39813124
50407238
-65596422
-37590358
-49277725
-835173
-3045790
57073721
-9011001
-17252695
64532517
-1
0
60737207
-13504873
44461891
-51991167
31996888
-65596422
-10174426
-64843448
32298487
77708125
37911763
70256233
-18329796
-39813124
60555202
-21707012
-48156417
-1
0
-10174426
-49176788
-70256233
66743026
-1
0
48636386
32298487
-36652084
-59468857
-49836299
-18329796
-16185228
-57674413
42135307
66743026
-55712469
50008883
32475
-950873
33011404
-16185228
50237007
-2818495
-39263307
-48636386
22479673
-2818495
0
-31137733
-60555202
49176788
30710268
-46274488
48413718
-3045790
-32298487
1785561
-58004318
-48413718
-48023347
39263307
-48636386
-31996888
-39813124
-51025244
-42425846
22479673
-51991167
-3045790
-48636386
66743026
-39961198
31996888
-48690362
-10907562
-10174426
-48413718
-51025244
31137733
32298487
-21707012
64532517
32298487
17252695
-2818495
-52413261
-48156417
42135307
-60737207
37911763
-51991167
21043839
-70256233
-60555202
-49836299
72583540
-12024151
-1
0
-3952442
-50918002
32298487
37911763
39961198
-52266847
-950873
-1785561
-51991167
17252695
9692937
-37911763
13398879
50237007
26290778
-1
0
-78972462
57073721
-48690362
-24603624
-44461891
-1
0
37590358
23938521
-50407238
-39263307
-35025863
-2818495
45773440
33011404
-39263307
-51025244
-42425846
42135307
33011404
40888531
-50237007
-55712469
-65596422
-21707012
4355196
-64843448
-297375
39961198
9334613
72583540
-42425846
17469632
44461891
-49277725
-1
0
-26290778
-42425846
9512713
58004318
-78805616
-9590963
-50407238
64843448
77745606
-1
0
76486603
-39263307
-17790332
4355196
15848588
-55712469
-50237007
-64076778
-23542950
1586057
-16185228
44461891
-49836299
72367532
-1
0
-45067876
-26290778
39263307
74053345
-52266847
-37243519
-70256233
-39961198
31996888
-13398879
-3045790
39263307
-42135307
-2818495
-950873
-297375
-45773440
-4355196
3045790
-64843448
21043839
-78805616
-13504873
39263307
-48636386
-67828430
21662388
-22479673
64336629
-48636386
57005994
-47457754
-79321897
-1
0
17790332
52266847
-64239906
-1
0
-21594614
-24603624
-13398879
-65596422
-18329796
15848588
-950873
-70256233
-23938521
-42425846
64336629
62568829
-74657919
21043839
-15160276
-45773440
-2818495
-64843448
-50407238
-72583540
72583540
50008883
-48636386
-15160276
-56071666
52413261
-72367532
-57378882
41874722
72583540
-37911763
-32298487
-57674413
-50918002
-18329796
-39813124
-21707012
4355196
57005994
-64239906
-51991167
-58004318
-23542950
24603624
-1586057
-51025244
-64843448
-36652084
-23542950
-74657919
42135307
10744528
-52930775
-50407238
21662388
-37911763
55712469
50237007
44461891
50918002
-46274488
-39016981
-22479673
44461891
9011001
-49277725
10174426
66743026
-4257137
-1
0
-49277725
31996888
-31137733
45067876
60737207
-48413718
-66743026
66743026
-48636386
-66371555
-64843448
15848588
-9011001
33011404
-48413718
-78805616
24603624
24603624
-39813124
-52266847
57073721
9011001
21594614
37590358
44461891
52266847
-57674413
-50918002
-18329796
-39813124
-21707012
4355196
48023347
60737207
-9692937
-50918002
50008883
-37590358
-57005994
-49176788
15848588
50407238
-60697280
-41874722
31137733
-3045790
-37243519
-78805616
-32298487
950873
50407238
49277725
-36652084
-49575202
56071666
-74053345
-52413261
13504873
72583540
74657919
-18086255
-57674413
-76486603
-64076778
65596422
-17790332
-55712469
14761959
15848588
22479673
50918002
-51991167
34683563
-50407238
9334613
-37243519
39813124
-45067876
-9447014
10907562
-50237007
36652084
21662388
-67939355
35025863
52413261
-37911763
46274488
-1
0
-62568829
10174426
74657919
-52266847
-78805616
41874722
70586058
31996888
15848588
64239906
-24603624
1586057
39263307
-79321897
-42425846
-9692937
-78972462
15848588
-9590963
31137733
42135307
-64843448
-52930775
72583540
-32475
-48413718
-10174426
52413261
37243519
-36652084
13504873
-50008883
-1
0
59468857
-59468857
-3045790
-48636386
55501638
-1785561
-31137733
23938521
-78805616
30710268
36652084
23938521
-52413261
24603624
9334613
32792375
9590963
-9692937
-9692937
50407238
-48156417
36652084
-79321897
-49249794
-40888531
-3045790
-51025244
-49836299
52413261
13504873
52413261
4257137
74657919
24603624
-36652084
-70256233
39016981
9334613
9590963
-10174426
10907562
79321897
-17790332
0
-21043839
-60697280
70586058
-49176788
-50407238
10744528
-47457754
-57073721
-51991167
-297375
1785561
-48023347
-1
0
-48690362
-56071666
-50918002
49836299
30710268
-17790332
59468857
-19921023
-18329796
10174426
15848588
-32475
-74657919
47457754
-42425846
-18329796
-17469632
-52930775
72367532
-39813124
-32298487
9334613
-39961198
835173
9011001
-32475
-2818495
-78972462
57073721
-18086255
-49277725
77745606
-1
0
50008883
-72583540
31996888
-52266847
-10744528
-57674413
52930775
-64336629
24603624
-9692937
-78805616
21594614
48023347
-1
0
-52266847
-10907562
-25366527
-49836299
7145270
-59468857
-1
0
-39813124
-10593357
31996888
-65596422
-4257137
15848588
-66371555
-48636386
-9590963
-48636386
-60555202
-77708125
-23542950
-39813124
44461891
52413261
-77708125
77745606
-1
0
76486603
-67828430
-1785561
9011001
-25366527
-950873
-1
0
-9692937
-51025244
32298487
-21594614
-51991167
24603624
-9334613
51991167
-50407238
-13504873
-9692937
-21707012
-48636386
-60737207
-2818495
-2818495
31137733
9334613
-23542950
-9590963
-39813124
-60555202
-52930775
3952442
-48636386
-32475
45067876
50008883
-49249794
-1
0
-59468857
55712469
-46274488
-48636386
50407238
-57674413
9590963
42135307
77745606
-15848588
33011404
-12024151
-52930775
37590358
-57378882
-1
0
-58004318
-9512713
66371555
-13398879
-1
0
-52266847
62568829
-56071666
37590358
-9692937
21707012
64076778
-57674413
-39961198
-52413261
32298487
-15160276
-1632658
-1
0
-31137733
-56071666
-48023347
9011001
9334613
-950873
50008883
-70256233
-48413718
-70256233
76486603
-70256233
74053345
-50237007
70586058
4355196
50008883
-18329796
-79321897
-15160276
70256233
-36652084
9590963
36652084
-60555202
3952442
62568829
-39961198
-48636386
77745606
-32475
-39016981
-50918002
-77708125
-1
0
-950873
-39263307
-56071666
-49836299
64239906
-15160276
-78972462
-26290778
-60737207
-15848588
42135307
-12024151
-10593357
-48636386
-32475
-70256233
-13398879
-297375
-60697280
-9334613
42135307
-66371555
-37243519
-9334613
58004318
17790332
-15160276
52413261
9447014
-57674413
15848588
-15160276
62568829
-60555202
-19921023
-835173
-37911763
42135307
31137733
-65596422
-17252695
950873
-23938521
31996888
66371555
-37590358
31996888
55501638
39961198
36652084
-39961198
67828430
-9590963
21662388
9334613
9590963
-48413718
-39263307
-39813124
65596422
4355196
13504873
49176788
10593357
-78972462
-49277725
-48636386
-12024151
-21594614
-18329796
57378882
-2818495
-13398879
-10744528
32298487
-18329796
50008883
-66371555
45067876
4355196
55712469
50008883
-57005994
-49836299
3045790
79321897
1586057
50407238
-55712469
-58004318
-66743026
3952442
49575202
4355196
-70256233
50918002
-2818495
-67828430
-18086255
9011001
-51991167
21043839
50918002
44461891
-2818495
-31137733
-10593357
-48636386
-48636386
44461891
-9011001
-1
0
-52413261
22479673
60555202
-9692937
-78805616
-48690362
24603624
-58004318
-51991167
51991167
-23182039
-9692937
60555202
-37243519
15848588
50008883
-34683563
-74657919
60737207
12024151
-9011001
-21707012
-49836299
4355196
-37911763
31996888
26290778
66743026
55712469
57005994
57378882
-1
0
-49176788
12024151
26290778
-58004318
-17790332
-52266847
-2818495
-56071666
39813124
17469632
12024151
-15160276
-17252695
-77708125
24603624
9011001
52930775
-34683563
-45067876
60697280
9011001
10593357
-48636386
-15160276
-64336629
-21594614
-45067876
-12024151
-15160276
-297375
-9692937
-50008883
50008883
-48690362
1785561
1785561
1785561
-49277725
-34683563
60697280
31996888
-21043839
-55501638
-17252695
31137733
1632658
31996888
-18329796
62568829
-64239906
49176788
30710268
50237007
-15160276
42135307
-57378882
-60737207
-17790332
-42425846
-57674413
37590358
-51025244
10744528
48156417
-3045790
-37590358
-10593357
49575202
-39813124
-25366527
-51025244
64239906
72583540
-78805616
-4257137
42425846
-64336629
70586058
51025244
297375
-10907562
50407238
-64843448
72367532
-41874722
7145270
-64843448
-66743026
52266847
-15160276
41874722
-36652084
-22479673
-45773440
-60697280
-48023347
42425846
9334613
-21707012
16185228
-52413261
3045790
64532517
-58004318
-64843448
66371555
40888531
-78972462
-70256233
-55501638
-50237007
48636386
-1586057
52413261
13398879
-1
0
-17469632
9011001
9512713
-44461891
30710268
-10593357
-70256233
-49176788
-18086255
72583540
-22479673
31996888
-64336629
67828430
-64532517
-55712469
9334613
21707012
16185228
-78805616
4355196
-9692937
-32475
12024151
-32298487
-45067876
57674413
50008883
-37590358
-39813124
-52930775
31137733
-3045790
-52266847
-57674413
10907562
37590358
-60737207
-39813124
10907562
9011001
-52266847
-9692937
77708125
-47457754
47457754
-10907562
77745606
49575202
34683563
56071666
-51025244
26290778
50918002
10907562
51991167
-55501638
77745606
-52930775
64239906
-950873
950873
-36652084
48023347
70586058
-21707012
-24603624
-37243519
9334613
21707012
-17790332
-60737207
-1586057
-39813124
17252695
21662388
-60697280
37590358
-2818495
70586058
-10593357
48023347
21662388
-42425846
41874722
-70586058
-39961198
-21594614
-47457754
-51025244
-1
0
-72583540
-39813124
-44461891
-7145270
-56071666
-70256233
-79321897
38174275
24603624
35025863
50237007
-1
0
17252695
-50237007
52413261
-57378882
9590963
52413261
-47457754
3952442
-45773440
-60555202
64076778
39263307
39263307
31996888
-42425846
-21707012
-39263307
-55501638
48023347
-49277725
-9011001
-48690362
-10907562
950873
-39961198
-74657919
-9590963
-76486603
46274488
4355196
-59468857
39961198
-1
0
14761959
-41874722
-55712469
-52266847
-79321897
62568829
9334613
-18329796
950873
-39813124
31137733
44461891
-9011001
-42425846
62568829
-48636386
-64076778
59468857
-1
0
-48413718
13504873
-51991167
950873
-50407238
77708125
-32298487
-48636386
-60737207
-52413261
15848588
-47457754
-74053345
-67828430
16185228
17469632
9447014
-66371555
10744528
-37911763
-64843448
-35025863
48023347
-78972462
-21662388
9334613
-34683563
31137733
-297375
-34683563
10174426
-1
0
-17790332
62568829
-47457754
42135307
78972462
-50407238
31137733
-47457754
21594614
-13398879
55712469
1632658
-4257137
-57378882
77745606
33011404
9011001
70256233
-49575202
31137733
49176788
37243519
24603624
3045790
-64843448
-13398879
77745606
-9590963
-2818495
62568829
-1
0
13504873
-41874722
-64532517
-59468857
-57674413
4355196
-15848588
-23542950
-39016981
-13398879
-64076778
-21594614
-55501638
72583540
-24603624
-39263307
-48413718
-66743026
74657919
-36652084
-7145270
45773440
9334613
36652084
-39263307
-79321897
297375
64239906
60555202
48023347
23938521
23542950
58004318
-72583540
-57674413
49249794
4257137
37590358
49249794
23542950
31996888
-52266847
-52266847
-1
0
-9692937
22479673
-21594614
37243519
-57073721
67828430
-10744528
37911763
66743026
-51991167
-79321897
24603624
-3952442
-17252695
4355196
47457754
49836299
-39016981
45067876
-58004318
-60697280
30710268
-10907562
-15160276
-17469632
52266847
-17252695
51025244
49176788
-60697280
23542950
-64239906
-13398879
23542950
-7145270
-57378882
-23542950
51991167
-39016981
45067876
-32298487
39813124
64532517
37911763
9590963
52930775
58004318
72583540
-52266847
10744528
9692937
-65596422
47457754
50407238
60697280
-60697280
-9512713
-78805616
-64843448
-64336629
3952442
-57674413
-18329796
-21043839
49836299
64239906
-52266847
19921023
-10593357
-67828430
-49277725
-18086255
-47457754
31137733
41874722
-51025244
-13398879
1
37243519
4355196
76486603
45067876
10593357
-13398879
45067876
-64076778
-46274488
-25366527
-2818495
-9692937
9011001
60697280
77708125
-18086255
-34683563
-64843448
50918002
-47457754
-2818495
70256233
-39961198
-34683563
-34683563
45773440
39263307
51991167
-46274488
-15848588
-39813124
74053345
-1785561
-21594614
39016981
66743026
-37243519
-76486603
-51025244
-26290778
-30710268
-15160276
50237007
-1586057
-297375
-26290778
50407238
-57674413
-50008883
-9334613
60555202
26290778
-13398879
9011001
42425846
-42425846
-49176788
21043839
-70586058
64076778
39961198
-2818495
-37243519
-17252695
-52930775
-47457754
-52930775
48156417
-36652084
-10174426
-23542950
4355196
-32792375
-60737207
-57378882
-60555202
-1
0
-37590358
-37911763
44461891
15160276
-38174275
21043839
-49836299
-52266847
-39813124
-49249794
64239906
-50407238
58004318
60555202
-10907562
-66371555
21707012
-17469632
-32475
15848588
66743026
17790332
835173
-64532517
-48023347
9590963
41874722
-24603624
-45773440
-9692937
-1
0
9334613
10174426
31996888
66371555
50918002
31996888
-31137733
72583540
-48636386
18329796
-64239906
58004318
57073721
-21594614
76486603
-76486603
-49176788
-23182039
26290778
-60697280
52413261
12024151
-39813124
21043839
-32475
62568829
-23938521
36652084
-297375
-2818495
-76486603
-52930775
-39813124
22479673
-10593357
-4355196
-2818495
-52930775
-22479673
64076778
67828430
41874722
-40888531
-25366527
33011404
-66743026
-78972462
1785561
44461891
49176788
-64239906
-1
0
18086255
-60737207
-48636386
49277725
50008883
70256233
-4355196
-48636386
23542950
-59468857
50407238
-52266847
76486603
49176788
45773440
-36652084
-23542950
-39961198
-21594614
48156417
-21707012
-56071666
10744528
-12024151
9334613
-78805616
31137733
1785561
-48413718
-4355196
-48636386
835173
-48413718
-3952442
52413261
-49176788
64239906
49836299
21707012
-9692937
55712469
1586057
-40888531
24603624
-60737207
9590963
-9334613
-70586058
64843448
17469632
-78805616
-51991167
-31137733
-9692937
48636386
-41874722
835173
-9590963
-78805616
-34683563
-67828430
-42135307
-2818495
-74657919
-49836299
-52266847
3952442
-32792375
9590963
-74657919
-24603624
-12024151
-65596422
-21043839
-67828430
-39813124
-2818495
-950873
-49836299
47457754
-21043839
17469632
32475
-15160276
-42425846
-12024151
50918002
-64843448
31996888
-37911763
-50008883
-1
0
48023347
-48023347
-7145270
-25366527
57073721
-74053345
-57378882
64076778
-10744528
950873
-1586057
48156417
-32475
57378882
-66743026
-2818495
32298487
13504873
50008883
50008883
-10744528
-1
0
-45067876
10174426
39263307
-52930775
51991167
-44461891
-49176788
24603624
31996888
-18086255
-49249794
-49249794
-45067876
70586058
-52930775
950873
59468857
-48636386
-74053345
-32475
47457754
-67828430
48023347
-21707012
-42425846
49277725
-47457754
-21594614
-48636386
42135307
-10593357
-18086255
-9512713
-31137733
4355196
297375
-9692937
49277725
-48413718
-13398879
39813124
-70586058
46274488
19921023
-7145270
-10174426
60737207
48156417
-18329796
-57073721
52413261
37590358
-3952442
-1
0
60737207
30710268
-35025863
48413718
-64843448
-48636386
10744528
9334613
42425846
51991167
-21707012
9590963
32298487
50237007
-57674413
48636386
-9334613
-57378882
-58004318
-15160276
-52266847
59468857
-42135307
57005994
-49176788
52266847
-13398879
50008883
-37590358
-48023347
-39813124
-52266847
77745606
-7145270
-13398879
-2818495
-37243519
835173
-64076778
77745606
-2818495
-4355196
48023347
-64076778
-32298487
48690362
-48690362
13504873
-48413718
9590963
-1
0
17252695
72583540
-52930775
77745606
32298487
39016981
44461891
-46274488
50407238
-1
0
-1586057
-12024151
-10593357
-1
0
-62568829
-24603624
-21594614
45773440
-49176788
-48636386
-60737207
59468857
-60555202
-70256233
-34683563
-64532517
17469632
76486603
-52930775
7145270
-23542950
31996888
9590963
37911763
39263307
-49836299
72367532
-15848588
-39813124
9334613
-37911763
-60697280
9011001
9590963
-72583540
-76486603
-1
0
49176788
-1785561
-48413718
-60737207
32475
10744528
-23542950
-9590963
-65596422
-39263307
-49575202
-39016981
31996888
48636386
-34683563
-74657919
-22479673
-12024151
-32475
-15160276
-25366527
-66371555
-57378882
58004318
-33011404
-38174275
-49176788
49575202
32792375
-70586058
-9512713
-35025863
64336629
-9334613
1632658
-297375
-52266847
-37243519
24603624
-24603624
-70256233
-48156417
-65596422
49176788
-70256233
-49836299
50237007
59468857
-66371555
-18329796
7145270
9692937
55712469
-297375
835173
-66743026
-72367532
-60697280
950873
-44461891
-55501638
-44461891
3045790
18329796
38174275
-23542950
60697280
-52266847
-48636386
835173
-21043839
-47457754
24603624
-36652084
32475
32792375
-37243519
-47457754
-10744528
-37243519
60697280
-55712469
-74657919
49277725
1785561
-64239906
47457754
-21707012
297375
-48690362
15160276
64532517
-21707012
1632658
60697280
10744528
18329796
47457754
-23938521
1
-51025244
-16185228
-48023347
-21043839
-39813124
-50407238
64076778
-50237007
9590963
50008883
-57005994
-37911763
-60697280
-48636386
-14761959
-57378882
3952442
-50407238
835173
74657919
-7145270
-50008883
39263307
-64532517
297375
-39813124
-18329796
-14761959
-64336629
50407238
77708125
50407238
-49575202
-60697280
7145270
-9011001
-31137733
1586057
60737207
23542950
37911763
33011404
-37243519
-9447014
-4355196
41874722
65596422
-74053345
-36652084
-58004318
42135307
14761959
-67828430
66743026
-60555202
-10174426
9334613
-57073721
42135307
-24603624
-52930775
57674413
-41874722
66371555
-36652084
-26290778
-77708125
-4257137
56071666
64076778
-10174426
39961198
-16185228
64239906
9011001
9011001
45773440
26290778
64076778
10593357
-1
0
50407238
-10174426
-56071666
-10174426
-10174426
-21043839
45773440
-52930775
31137733
-35025863
17469632
47457754
-52930775
32475
-37243519
-62568829
-49176788
-55712469
52413261
-12024151
-62568829
-9011001
-31996888
66743026
-37911763
1586057
-26290778
9011001
-21594614
1586057
-48413718
60697280
-1
0
-49277725
15848588
-42425846
37243519
-22479673
-39263307
-78972462
-10907562
64239906
-40888531
64239906
-49176788
-19921023
297375
-10744528
1632658
-50237007
-60555202
-64239906
-49277725
-39813124
-48636386
835173
-12024151
-21043839
49575202
-41874722
-67939355
-49277725
-23938521
24603624
26290778
-39961198
64076778
-10174426
10907562
17252695
76486603
33011404
-26290778
-9011001
77745606
-15848588
50237007
1785561
32298487
39263307
-66743026
-2818495
30710268
15848588
-36652084
31996888
-52413261
70256233
-18329796
45067876
-35025863
-47457754
17469632
39263307
77708125
57073721
-39263307
-72367532
55712469
-72367532
-39016981
-50237007
15848588
-10907562
-48413718
70586058
4355196
-12024151
-48636386
10593357
-10174426
76486603
-51991167
51991167
-78972462
-70256233
-49277725
37911763
15848588
-58004318
-57674413
-39961198
-55712469
72583540
-950873
-70256233
-34683563
-50237007
33011404
9011001
-58004318
-18086255
23542950
57005994
1632658
-39961198
-34683563
-32792375
-60737207
-48636386
21043839
9011001
950873
-52930775
-52930775
9590963
-10744528
-70256233
3045790
-50237007
23938521
1586057
19921023
42135307
64532517
-9334613
-50237007
77745606
7145270
-51991167
4355196
-9692937
-64532517
21707012
-32475
33011404
-1
0
-9692937
62568829
-39016981
-50237007
17252695
-49176788
-51025244
-52266847
-9447014
-7145270
35025863
-9334613
-23938521
-45067876
44461891
37590358
-15160276
49249794
-66743026
51991167
-48636386
3045790
45773440
-40888531
31996888
-18086255
-31137733
-74657919
-9512713
4355196
47457754
10174426
-70586058
-835173
-49277725
-37590358
21662388
-9011001
-37911763
-10174426
77708125
-1
0
36652084
-48690362
-4355196
-49836299
-10907562
31996888
41874722
-56071666
9334613
-57005994
-45773440
-9692937
31137733
42135307
15848588
-4257137
-48636386
64532517
-2818495
39961198
-18086255
57005994
31137733
-51991167
-9692937
-78972462
-39961198
-48690362
4355196
-7145270
77745606
-60697280
-48023347
79321897
-10907562
55712469
-51025244
-58004318
18329796
-51991167
60555202
-58004318
-23542950
13504873
-70256233
-45773440
-76486603
72583540
-15160276
-10174426
-1632658
36652084
-15160276
-42425846
-12024151
-17790332
-35025863
-2818495
-67828430
-77745606
10593357
-33011404
52266847
-49176788
13504873
3952442
10907562
-15848588
-57674413
-76486603
39263307
-49277725
-297375
-50407238
-59468857
-48690362
39813124
-13398879
950873
-55501638
-64239906
-79321897
46274488
30710268
-4355196
52413261
-45067876
-48156417
13504873
-31137733
76486603
48413718
-23542950
-50918002
64532517
-76486603
-18329796
70586058
-9590963
-78805616
-48690362
26290778
-10174426
18329796
-15160276
10593357
-1632658
36652084
-48413718
-13398879
1586057
-37243519
-56071666
30710268
9011001
41874722
42135307
-62568829
-23542950
-21043839
-34683563
-9011001
-66371555
-60697280
-57674413
2818495
-57378882
-23542950
-39961198
-21594614
31137733
-64843448
62568829
-10907562
-66743026
-18329796
45067876
-39016981
-50407238
15848588
-1586057
9334613
-48690362
-47457754
-76486603
33011404
-70586058
-52930775
-50407238
10744528
-47457754
78805616
57378882
3045790
297375
-60697280
79321897
-56071666
36652084
45067876
-32298487
33011404
-39016981
48690362
9447014
-1586057
-47457754
24603624
-58004318
-23938521
-39263307
-60697280
-23938521
-77708125
-7145270
50008883
10174426
-39263307
-32298487
-51991167
48690362
48690362
-39016981
21043839
78972462
-48690362
-10174426
77745606
-14761959
-76486603
-74053345
-10744528
-950873
49277725
-950873
67828430
-77708125
9011001
-15160276
7145270
-60555202
50008883
-34683563
-9590963
-72583540
23182039
21707012
-52266847
-13398879
-77708125
77745606
-78972462
66371555
10907562
50008883
-50008883
-50918002
18329796
-39961198
57005994
-52930775
77745606
-24603624
31137733
-39016981
-42425846
36652084
50008883
-49575202
-70256233
-57674413
-24603624
-7145270
-26290778
50918002
-64843448
-50237007
-31996888
-60555202
-45773440
1785561
79321897
-45773440
-48413718
42425846
-33011404
-31137733
-2818495
-19921023
-7145270
-77708125
12024151
-57674413
39813124
-7145270
45067876
59468857
64843448
14761959
-35025863
-14761959
9334613
-60555202
-297375
39813124
-1
0
-49249794
-48636386
-37243519
-78805616
66371555
48413718
-57674413
30710268
77745606
-62568829
-39961198
66743026
48156417
-21707012
57073721
70256233
-1
0
57005994
-77708125
-64076778
-950873
-48690362
37243519
55501638
-49836299
52413261
57005994
-49836299
-18086255
42135307
3952442
45067876
55712469
-23182039
-13398879
60555202
50407238
-18329796
1632658
-52930775
49277725
-12024151
-64532517
30710268
-15848588
12024151
-1
0
48023347
-60697280
26290778
-1
0
-950873
-36652084
-74657919
42135307
78972462
-19921023
-835173
-9011001
-67828430
-37243519
19921023
50237007
16185228
57005994
-76486603
-32792375
-9512713
-21707012
-41874722
-23938521
-835173
-79321897
-13398879
-64843448
-48636386
49277725
-9590963
-48636386
-64336629
-62568829
31996888
64532517
-35025863
4355196
-52930775
-34683563
-32298487
-9590963
-9692937
-1
0
-45067876
31996888
-3045790
25366527
-60555202
-49249794
-48636386
-9011001
-39263307
-15160276
-9512713
-76486603
-39813124
-46274488
-26290778
10744528
-49575202
-62568829
-70586058
-10744528
3952442
-4257137
-79321897
12024151
31996888
-46274488
60737207
-1
0
-18329796
24603624
-34683563
72367532
47457754
-835173
-1
0
39016981
70256233
-48636386
-66371555
-15848588
25366527
-35025863
21662388
-49575202
-21707012
-2818495
26290778
31996888
-31137733
72583540
-4355196
-65596422
15848588
-3952442
-48413718
-9692937
48023347
72367532
-77708125
-48690362
-57073721
9334613
0
49277725
66371555
-18329796
45067876
-66743026
-52930775
15848588
-2818495
-60737207
1785561
40888531
-72583540
48023347
78805616
-39263307
-55712469
50008883
-49277725
15848588
-26290778
30710268
10174426
78972462
4355196
64336629
-78972462
32298487
36652084
-1
0
-45067876
-47457754
-76486603
33011404
-39813124
-55712469
9334613
-950873
-60697280
-64076778
-66743026
-57378882
-7145270
35025863
25366527
-51991167
39263307
79321897
15848588
-9590963
-52266847
9590963
-64239906
-39263307
9334613
-64336629
9334613
-10174426
24603624
50008883
9590963
-64239906
-7145270
35025863
67828430
-1
0
12024151
-49176788
77745606
-66743026
-2818495
30710268
74657919
-51991167
-297375
-45067876
-39263307
66371555
64239906
-17469632
-57005994
21594614
-59468857
37911763
-55712469
64336629
4257137
35025863
-2818495
30710268
12024151
-52930775
-9692937
-21594614
34683563
-65596422
1785561
70256233
-50407238
49249794
-13398879
9011001
-55501638
-26290778
48156417
-15160276
-52266847
-76486603
42135307
47457754
60697280
-23938521
-32475
-10174426
-57073721
-21707012
9590963
9011001
17790332
-70256233
10744528
-1
0
-18329796
66371555
15848588
50237007
-15160276
-41874722
-18329796
-25366527
-60737207
-48636386
57005994
-48156417
-49836299
-67828430
-57674413
-64843448
-23182039
37243519
44461891
45773440
-15160276
32475
-2818495
9334613
-13398879
26290778
-13398879
23542950
-12024151
-13398879
-4257137
-1
0
39813124
-49836299
-17252695
-64336629
17469632
76486603
50918002
-64076778
67828430
33011404
9011001
7145270
-26290778
-10744528
9011001
-45773440
72583540
51025244
-26290778
32298487
-48636386
-60555202
62568829
-31137733
-45773440
13398879
31996888
38174275
-78805616
-21594614
25366527
-57674413
-65596422
10744528
-37911763
-2818495
-62568829
45067876
-21707012
-52930775
-3045790
52413261
1586057
-59468857
-23938521
-7145270
77745606
-60555202
-39263307
-16185228
-49277725
-51991167
76486603
-37590358
57378882
74053345
-52930775
49277725
78805616
44461891
-48156417
-64843448
23542950
-51991167
21662388
50008883
16185228
-9692937
-4355196
23938521
-1
0
-60555202
-49575202
32298487
-19921023
62568829
-48413718
-78805616
-78972462
-26290778
-37911763
-52930775
-60737207
46274488
39961198
-60555202
-1
0
-37590358
-64076778
-60737207
72583540
-70256233
-49176788
39813124
-62568829
18086255
-39813124
36652084
-39263307
48156417
-835173
31137733
14761959
-64843448
-52930775
31137733
13504873
62568829
1785561
-49277725
10593357
-78805616
-36652084
-4257137
50407238
-2818495
52413261
32792375
-60697280
37911763
9590963
-48690362
22479673
-16185228
-41874722
36652084
-9512713
-36652084
-72583540
-17252695
74053345
-39263307
10744528
-49176788
-48636386
-62568829
-23542950
-15848588
-45773440
-50237007
26290778
17790332
-78972462
21707012
-1785561
9011001
52930775
64076778
70586058
10744528
39263307
-16185228
-60555202
17790332
-42425846
-39263307
4257137
58004318
10907562
-1586057
13504873
-42425846
24603624
58004318
-49836299
21707012
-7145270
-35025863
-18329796
30710268
70586058
-49176788
51991167
-51991167
-16185228
72583540
-45773440
-31996888
-10744528
-21707012
-42425846
-39016981
21043839
21662388
15848588
-9512713
74053345
17469632
-21594614
-64336629
-9011001
-21594614
-36652084
16185228
-297375
31996888
-39016981
-10744528
-77745606
77745606
9590963
77745606
-18329796
9590963
-9334613
-36652084
-64336629
36652084
-72583540
-49176788
13504873
47457754
-39813124
-45773440
-21707012
57073721
70256233
-37590358
-2818495
-13398879
-62568829
-57073721
-49176788
-21043839
-17252695
31996888
42135307
21662388
50008883
-9447014
-1
0
-3045790
-47457754
47457754
50407238
50918002
49836299
-50407238
39813124
-48636386
-1586057
-48156417
-47457754
-16185228
1632658
16185228
4355196
-7145270
32792375
-23938521
-32475
-39813124
-45773440
31996888
-39813124
-36652084
-10174426
-45773440
-34683563
-23542950
40888531
-60737207
-2818495
-60737207
-1
0
76486603
-70256233
66371555
60737207
34683563
-2818495
-23938521
45067876
17252695
-3045790
-51025244
-42425846
64239906
-4355196
-2818495
-70256233
-2818495
62568829
31996888
58004318
-37243519
-21707012
9447014
55712469
-40888531
50237007
50918002
-52930775
-65596422
78972462
-2818495
-950873
21043839
-49836299
-51991167
-48636386
-60737207
-2818495
37911763
44461891
-1
0
-48636386
60737207
835173
14761959
15160276
-45773440
-2818495
-78805616
9011001
-56071666
-56071666
-60737207
31996888
32475
10593357
10593357
52413261
57005994
-49176788
31996888
-52266847
-52266847
-64239906
-1
0
1
-25366527
-37590358
23938521
-32298487
-55712469
-39263307
-70256233
-49277725
9590963
-18086255
17469632
-52266847
-9447014
-1
0
-45067876
-39813124
-21594614
-9692937
-35025863
67828430
-41874722
-9334613
-50407238
77745606
-52930775
64336629
49277725
-72583540
-60737207
-2818495
30710268
37911763
-48023347
-39813124
-21594614
-49575202
-49836299
-70586058
-57674413
-70586058
3045790
-18086255
-35025863
32475
35025863
50237007
41874722
-39016981
41874722
-46274488
33011404
50008883
64076778
-66743026
-52930775
10744528
56071666
46274488
17469632
-52266847
-39016981
72583540
-21707012
-41874722
-21594614
-55712469
-1
0
36652084
-57073721
-10174426
50407238
-49836299
-50008883
-72367532
-39016981
49176788
39813124
-1
0
-3952442
-39263307
-10593357
17469632
77745606
9334613
-78805616
-1
0
23542950
-9512713
-1
0
-50407238
-58004318
-57005994
-49836299
47457754
-10174426
25366527
-48636386
-62568829
-59468857
-49277725
-45773440
1586057
49249794
-13398879
12024151
-18086255
-49176788
57005994
-60555202
-41874722
-49277725
-49836299
-59468857
4257137
10593357
-78805616
-37243519
-4257137
3952442
-50407238
52413261
-35025863
57073721
50918002
-16185228
10593357
-40888531
42135307
-62568829
-835173
-50237007
34683563
-18329796
30710268
-57005994
-52930775
72583540
-13504873
77745606
-1
0
-7145270
13504873
-4257137
-2818495
950873
-47457754
36652084
-49176788
4355196
-64076778
-13398879
31996888
31996888
76486603
26290778
-57674413
78972462
-4257137
-65596422
-33011404
-2818495
17790332
45067876
15848588
50407238
-950873
64076778
-23542950
-21707012
-13398879
-1
0
-9692937
25366527
-18086255
-50407238
13504873
57073721
-66743026
3045790
-17469632
-1785561
-13398879
17469632
77745606
-34683563
-79321897
-24603624
-19921023
31996888
-21707012
-50407238
67828430
64336629
-52930775
18086255
17469632
52930775
-49176788
13504873
3952442
-57674413
-74053345
-950873
49277725
34683563
-39813124
-37590358
-2818495
-60555202
-48636386
-74657919
-21707012
-79321897
72583540
-39961198
51991167
-78972462
62568829
-49836299
-78805616
-48636386
36652084
-17252695
51991167
-78805616
60737207
34683563
-45773440
62568829
31996888
-32475
49176788
-48636386
64532517
37911763
-48413718
-60555202
-59468857
-34683563
77745606
-1
0
-48413718
-24603624
-57005994
-34683563
4257137
21043839
-64239906
950873
-65596422
-52413261
74657919
1785561
-39263307
-37911763
31996888
36652084
-2818495
-835173
-32298487
-49277725
70586058
-36652084
-60555202
48023347
-59468857
-64239906
-1
0
-9590963
49836299
24603624
31137733
-65596422
-64336629
47457754
-39813124
-56071666
37243519
7145270
-9692937
-1
0
14761959
-41874722
55712469
57073721
-14761959
64239906
-42425846
-47457754
76486603
-14761959
-1586057
-72583540
-297375
31137733
47457754
-77745606
-1
0
50918002
-2818495
-64076778
-48636386
60737207
64532517
-42425846
31996888
9590963
37911763
48023347
-9692937
-1
0
57005994
31996888
-297375
39263307
-1586057
-79321897
25366527
37590358
37590358
-41874722
48413718
-57378882
70586058
-60555202
-66743026
-51991167
17469632
-19921023
-2818495
-64843448
-1
0
42425846
-297375
-52266847
-66743026
-17252695
-64336629
37590358
-60737207
-10174426
10907562
-13398879
-66371555
50237007
-4355196
60697280
-9590963
-74053345
-39016981
64336629
21594614
49836299
-21594614
-64336629
13398879
-24603624
4257137
49277725
79321897
-24603624
-76486603
-21662388
42425846
-49249794
57073721
-39016981
-57674413
70586058
60697280
23542950
-40888531
-57005994
-1632658
-33011404
3045790
-50407238
64532517
-64336629
66743026
31996888
-55501638
49575202
10744528
-57073721
-55501638
-50237007
50407238
-1586057
10593357
13504873
-17790332
-36652084
-47457754
-34683563
-23938521
9011001
-31137733
44461891
41874722
-22479673
-42135307
-66743026
-70256233
-57378882
66743026
-46274488
-23542950
-59468857
-38174275
-72583540
64239906
42135307
51025244
-10744528
47457754
-22479673
-64239906
-60555202
-59468857
-64843448
-48690362
50918002
-1
0
-3045790
-12024151
-2818495
59468857
-1
0
64076778
-32475
31996888
-22479673
-1
0
45067876
-21043839
-37243519
15848588
66371555
-36652084
-9590963
-9011001
51991167
-64532517
-64843448
-1
0
-31137733
12024151
42425846
-21707012
44461891
1632658
-1785561
9011001
-17790332
-1
0
-31137733
9334613
-21707012
60737207
-1
0
-58004318
-47457754
16185228
67828430
9011001
-49277725
66743026
-48156417
-1
0
-10174426
-60737207
-1
0
4257137
-7145270
50407238
-49575202
-835173
3952442
-46274488
72583540
-48636386
-12024151
-17790332
45067876
38174275
-21707012
-70256233
39813124
-1
0
15848588
17790332
7145270
-48636386
-39016981
-39961198
-21594614
-18086255
62568829
-49277725
31137733
-21043839
-297375
-52266847
-37243519
31996888
58004318
-1
0
57005994
-70256233
-70256233
1785561
14761959
23938521
39813124
-64239906
-48413718
-44461891
16185228
39813124
-13398879
49836299
-15160276
-21707012
50008883
-60555202
-3045790
-21594614
-1
0
-13398879
-49176788
-48636386
-1785561
78805616
36652084
-42425846
950873
-950873
-59468857
-58004318
-45773440
-1
0
-39961198
32298487
-2818495
297375
-66371555
-77708125
-1
0
74657919
-13398879
31996888
-37590358
-70256233
-78805616
-9692937
-21594614
-39263307
40888531
-13398879
72367532
31996888
-9692937
-15160276
-297375
39016981
3952442
10593357
-78805616
-65596422
78972462
-21594614
9334613
-78805616
60555202
0
36652084
-76486603
21707012
-78805616
72583540
-21707012
1632658
-1
0
-31996888
1785561
66371555
-42135307
9334613
7145270
-23938521
-59468857
24603624
-4257137
-58004318
950873
-48636386
49249794
-66371555
77745606
9011001
58004318
45773440
9692937
17469632
-2818495
44461891
-835173
4355196
-35025863
-1
0
1
62568829
-37243519
4355196
-21043839
36652084
-15848588
-70256233
36652084
57674413
52413261
-49176788
-55712469
-52266847
-55501638
70586058
-39813124
-78805616
-57674413
52413261
-3952442
9590963
-64076778
-1
0
-18086255
-72367532
-49249794
21662388
-13504873
-1
0
-58004318
15848588
10744528
57378882
48023347
-14761959
-64239906
-9692937
32298487
49575202
-58004318
-48413718
-39263307
48690362
37243519
14761959
31137733
-33011404
40888531
31996888
-41874722
-17469632
-3952442
-297375
-30710268
79321897
-26290778
1586057
-3952442
-62568829
-57674413
77708125
-4257137
9011001
-51025244
-9692937
-21707012
-30710268
45067876
9692937
-48636386
-12024151
49249794
-9590963
-1
0
74657919
64239906
-1
0
1
-39263307
10744528
835173
-64843448
-23542950
24603624
-3045790
-17469632
-21707012
-9692937
70586058
-21043839
42135307
-1632658
-21707012
13398879
-70586058
74053345
-66743026
-51025244
-47457754
-37590358
55712469
3045790
-64336629
-70586058
-23542950
-835173
-50237007
64239906
-9692937
-1
0
74657919
-13398879
45067876
-12024151
-32475
52266847
-52266847
-39961198
66371555
50008883
-18086255
-67828430
18086255
-37590358
52413261
64532517
-36652084
50008883
-50407238
47457754
-39813124
42425846
-9512713
-10174426
-66743026
-39813124
0
-60697280
31137733
-39263307
-58004318
-50407238
76486603
36652084
-9692937
-57378882
-67939355
-1
0
-39263307
-13504873
-52930775
-1
0
-50407238
15848588
-9512713
-48690362
-1
0
2818495
23938521
-2818495
-49176788
32475
-42425846
57005994
39263307
-42425846
67828430
16185228
-48156417
-34683563
-74657919
9011001
-17252695
31996888
-37590358
-50918002
10907562
67828430
-17790332
-21707012
-31137733
-37911763
56071666
-17252695
33011404
59468857
-52266847
-72583540
31996888
-17469632
1586057
37911763
-64076778
42135307
-12024151
49277725
-50237007
-74657919
-49575202
-1
0
66743026
-37590358
-10593357
60555202
-21043839
-55501638
-2818495
15848588
-52930775
57005994
-60697280
48023347
-3045790
-33011404
-1
0
64532517
32298487
-33011404
-1
0
13398879
21662388
-52930775
-66371555
-39016981
32298487
-49249794
-57674413
-76486603
18086255
-13504873
-21594614
-26290778
14761959
77745606
-51025244
-60555202
23542950
-52266847
-50237007
-52930775
-15848588
37590358
-1
0
70256233
36652084
-10174426
49277725
31996888
17790332
67828430
33011404
64336629
7145270
-26290778
24603624
3952442
-21707012
24603624
-2818495
-49249794
49836299
44461891
-4257137
-297375
-3045790
-32475
3952442
-48690362
31996888
-37590358
-48413718
-77745606
-1
0
44461891
-7145270
47457754
-23542950
-50918002
62568829
60697280
10907562
-37911763
-42135307
-66743026
-3045790
48636386
-37590358
64336629
-1
0
835173
-1
0
26290778
37911763
66743026
10907562
-26290778
-50918002
13504873
32475
-1
0
-60555202
-10744528
25366527
-18329796
60697280
1632658
-65596422
-13504873
62568829
76486603
-60697280
-18086255
52413261
-3045790
23938521
9334613
9447014
-41874722
-22479673
-32475
37911763
-55712469
-10174426
18329796
-57674413
-48413718
-39961198
-10593357
-50237007
-3952442
-67828430
-13398879
50008883
-34683563
-7145270
-22479673
-1
0
-21594614
-47457754
33011404
9011001
-79321897
17469632
50008883
-77708125
-39961198
44461891
-78805616
-31137733
-10744528
-13398879
50008883
-37590358
-74053345
7145270
-32475
-52930775
50008883
-950873
-25366527
-24603624
35025863
64843448
-19921023
-55712469
79321897
-49176788
17469632
64076778
-60737207
-50407238
15848588
-49575202
-76486603
-62568829
9512713
-17790332
49277725
-2818495
-10174426
-35025863
-4355196
24603624
-37911763
58004318
10593357
-78805616
-37590358
-17252695
-77708125
50918002
3045790
-36652084
9011001
-56071666
-70256233
-41874722
42425846
-2818495
18329796
-50237007
66743026
64532517
-18329796
-39813124
-56071666
48156417
-47457754
-48636386
10593357
-52413261
-49277725
31996888
-31137733
45067876
-58004318
-67939355
-9334613
-64532517
48636386
50008883
23182039
-15160276
-9334613
24603624
-31996888
23938521
-22479673
52930775
55501638
-15160276
-23542950
-48636386
-36652084
-13504873
24603624
32298487
-49277725
39263307
-39016981
-79321897
-9447014
45067876
-9692937
-74053345
-10744528
-297375
10744528
-39016981
9011001
-57674413
-18329796
-67828430
-13398879
-13504873
3045790
-2818495
-35025863
4355196
57005994
-36652084
31996888
-57005994
-297375
23542950
9512713
4355196
-55712469
-49277725
9011001
-17252695
-37243519
-37590358
-21662388
-24603624
-21662388
24603624
-23542950
-1586057
10907562
13504873
-12024151
-64532517
31137733
48023347
52266847
79321897
23542950
79321897
-42425846
31137733
-297375
-60555202
4355196
-17790332
-1
0
-31137733
66743026
70586058
-49836299
-26290778
-26290778
45067876
-835173
-60697280
-25366527
-64532517
18086255
-48690362
-10744528
45067876
-79321897
48156417
24603624
-48690362
-25366527
7145270
-18329796
38174275
-72583540
-13398879
-24603624
-37243519
-60555202
-21662388
48413718
46274488
-67828430
-48413718
3045790
72583540
-48156417
72583540
50008883
-51025244
-52266847
-37243519
31996888
31996888
-37590358
31996888
-21043839
-39263307
10907562
39961198
-21043839
50008883
9590963
-26290778
16185228
17469632
-950873
-32475
-65596422
-56071666
-39813124
-39016981
-10593357
50008883
-950873
62568829
-32792375
-18329796
-39813124
9590963
-48636386
-9692937
-78805616
-66371555
-1
0
-297375
66743026
-70256233
-45773440
-1
0
70586058
-64336629
14761959
-64843448
-52930775
31137733
-12024151
-78805616
-39813124
-52266847
-1
0
-52266847
37590358
-70256233
-41874722
-60737207
15848588
52266847
-48690362
-13398879
-60737207
-48156417
-1
0
-48023347
-21707012
55712469
57005994
-52266847
-21594614
-37243519
-26290778
-9590963
31996888
-13398879
-39961198
-2818495
70586058
-47457754
56071666
50008883
-57674413
-77745606
66743026
15160276
-950873
44461891
-55712469
31996888
-56071666
-26290778
14761959
-70256233
42425846
9011001
-1
0
9590963
31996888
-50237007
57073721
-42425846
77708125
49277725
-62568829
-1
0
-3045790
-51025244
50008883
-70256233
-60555202
50008883
-297375
-1
0
48636386
950873
-52930775
31137733
-72583540
-32298487
31137733
-1
0
-78805616
10593357
-32475
-56071666
-26290778
18329796
74053345
10593357
55501638
55501638
-297375
-42425846
59468857
-52266847
-70256233
-60555202
-70256233
-47457754
-31137733
51025244
31996888
1586057
32298487
-65596422
49176788
48023347
49277725
48413718
9334613
-51025244
-52266847
23542950
9334613
-56071666
-2818495
77745606
-9590963
-2818495
-1
0
-52930775
-64336629
-24603624
50918002
17790332
-297375
-49836299
50008883
-64843448
-17790332
-15848588
-37590358
2818495
-57378882
-39263307
9334613
-78805616
10593357
-64532517
-1
0
23938521
42425846
-58004318
-2818495
52413261
-67828430
-52930775
-39813124
-15160276
39961198
-2818495
835173
-49176788
-48636386
-14761959
21662388
-4257137
4355196
-15160276
-74657919
-21594614
7145270
950873
22479673
39263307
-49836299
40888531
-17252695
32475
-70256233
-42425846
59468857
-39961198
17252695
-1
0
-48690362
41874722
-64843448
-70256233
41874722
17469632
57073721
17469632
78972462
-19921023
-9512713
-47457754
10174426
-40888531
4355196
-45773440
9447014
21707012
-45773440
31996888
-18329796
64076778
-45067876
-50237007
-31137733
-19921023
74657919
-31996888
-1
0
57674413
-52266847
-50008883
72583540
21707012
-34683563
-26290778
72583540
-4355196
50008883
-18329796
79321897
48023347
-10593357
34683563
-52930775
79321897
-49277725
9447014
-52266847
-78805616
41874722
33011404
64076778
-78972462
67828430
57005994
3045790
-56071666
64076778
51025244
50008883
42135307
-57378882
66743026
-9590963
-50407238
-39961198
-1785561
49277725
-77708125
33011404
72583540
-50008883
-21594614
-38174275
-1
0
-31137733
-62568829
-32298487
-32475
-4257137
45067876
-13398879
-39813124
78805616
33011404
-297375
4257137
48413718
-23542950
21594614
-32298487
-1
0
10174426
3952442
-21707012
-23542950
-47457754
-41874722
50008883
-12024151
-48023347
67828430
31996888
-50008883
-57674413
950873
-1
0
-26290778
62568829
-17469632
50237007
-39016981
-10174426
-9011001
44461891
48636386
-10593357
49575202
-15848588
-60697280
-42425846
-48690362
-55712469
7145270
1586057
-41874722
66371555
-9447014
-12024151
-13504873
-52930775
-17252695
-70256233
-76486603
-1
0
17469632
-1
0
-48690362
31137733
48690362
72367532
74657919
-62568829
50407238
-74053345
-59468857
-57378882
-70256233
23542950
78972462
-38174275
-78805616
-4257137
-76486603
-49836299
-48156417
-45773440
-49836299
-39263307
-57674413
26290778
57674413
24603624
-835173
51991167
60555202
-57674413
-39813124
-52930775
10744528
-64843448
-51025244
15848588
-70256233
-9447014
-10174426
79321897
-15160276
77745606
-66371555
-2818495
-49176788
-17790332
1785561
64532517
-17469632
-9692937
9011001
-48413718
72583540
-39016981
45067876
-35025863
-59468857
-49176788
-18086255
-49176788
4355196
-17790332
-21707012
57378882
-1
0
-49836299
62568829
-49277725
-37911763
32298487
42135307
-62568829
-39961198
-21594614
31137733
77745606
-9692937
-78805616
1785561
21707012
14761959
72583540
60555202
-57674413
-9590963
-15160276
-13398879
4355196
48413718
-23542950
66743026
-32298487
-66743026
-48636386
15848588
-32475
-64336629
-10174426
1
-70256233
-44461891
-60555202
59468857
-64239906
-13398879
9011001
17469632
-46274488
50008883
-18329796
70586058
-52930775
-50008883
49176788
52266847
-64239906
-21043839
-52266847
17252695
17469632
46274488
-15160276
-52266847
-13504873
4355196
-59468857
-60737207
-39961198
46274488
-70256233
-41874722
-21043839
32298487
44461891
-12024151
-17469632
18086255
64239906
-64843448
-50407238
-835173
-77708125
60555202
1785561
-60555202
52266847
-64239906
-1
0
-45067876
31137733
-56071666
64239906
-55501638
-70256233
60737207
31996888
60555202
-2818495
-1
0
-51025244
15848588
-12024151
38174275
15848588
-60737207
-37243519
32298487
-49277725
60737207
-835173
-60737207
-2818495
-62568829
-21594614
-9692937
-1
0
-7145270
-64336629
-49176788
66743026
-9011001
22479673
-3045790
-42425846
51991167
-49277725
31996888
-9692937
297375
-30710268
-17790332
-7145270
-66743026
67828430
-15160276
1785561
-72583540
-67828430
66743026
-2818495
1632658
50008883
-9447014
-1
0
-26290778
-72583540
17469632
-56071666
-9692937
49277725
4257137
59468857
-1785561
-57378882
77745606
23938521
-33011404
-1785561
45067876
-50918002
10907562
-49176788
1586057
-10744528
-79321897
60697280
-38174275
-49249794
-60555202
-23938521
49836299
76486603
50237007
21662388
-24603624
62568829
-13398879
-78805616
37590358
24603624
45067876
3045790
23182039
31137733
-50918002
64336629
-51025244
-47457754
-37590358
52413261
47457754
-297375
37590358
10174426
39813124
-1632658
-33011404
-49277725
37911763
835173
-45067876
-39263307
52413261
-49249794
42135307
52266847
-1
0
-48156417
-39263307
-60737207
-49836299
60697280
-33011404
24603624
-3952442
-52413261
-49575202
-17790332
-9011001
-78972462
-55501638
-58004318
-52930775
1586057
-62568829
26290778
10174426
49249794
-62568829
-49836299
-7145270
17469632
-32792375
10174426
9512713
51025244
1
-78805616
19921023
-21594614
-48156417
-48636386
-60737207
-48636386
72583540
-9011001
-835173
-1
0
-21043839
-62568829
25366527
950873
-23542950
31996888
-49836299
31996888
-25366527
-7145270
30710268
-21662388
-1
0
12024151
-1
0
-62568829
-1
0
-78805616
41874722
1632658
10744528
9590963
10593357
-32475
-51991167
-1
0
-48413718
7145270
-1
0
21707012
-52930775
-60697280
48023347
-66743026
-32792375
32298487
-13398879
-835173
-48413718
-1
0
-62568829
41874722
50918002
-50407238
31996888
9590963
-48413718
-13398879
17469632
-65596422
52413261
21594614
-70256233
-297375
9512713
-48636386
-10744528
-60737207
49277725
-4355196
-50407238
50008883
-39016981
-52266847
-2818495
-77745606
64336629
39263307
-10174426
49176788
44461891
-49176788
-2818495
-64076778
-21594614
9334613
-59468857
-60555202
50008883
13504873
-21594614
-49575202
-48413718
48636386
31137733
-19921023
-60737207
49277725
-64239906
-48636386
-9692937
-78805616
-58004318
35025863
-21594614
13504873
36652084
-9692937
7145270
-60737207
-48636386
1632658
-52266847
-41874722
-32475
-57005994
-39263307
10744528
-49836299
-52266847
-60555202
-23542950
9334613
-48636386
-40888531
-39263307
1586057
-1
0
-23542950
15848588
50008883
-51991167
23938521
-70586058
32298487
22479673
-2818495
70586058
-22479673
17469632
-60737207
10744528
-48636386
-50407238
-39263307
-32475
21043839
835173
-26290778
32298487
-51991167
50918002
9447014
-1
0
-17469632
-49277725
60697280
-48156417
-39016981
31996888
-56071666
34683563
-78805616
-42425846
-77708125
4355196
77745606
950873
-24603624
-1
0
49176788
39263307
-77745606
44461891
4355196
-64336629
-18329796
-74657919
62568829
-76486603
4355196
-2818495
-30710268
51991167
-78805616
-33011404
64532517
9447014
-4257137
-1
0
58004318
15848588
45067876
-49836299
-72367532
9334613
51991167
17469632
21662388
17469632
12024151
-52930775
64239906
33011404
1586057
-35025863
10593357
-39961198
-30710268
-48023347
66371555
835173
-17469632
-18086255
9011001
-15160276
23938521
64336629
-52930775
-70256233
-9590963
-2818495
-74657919
10907562
-49836299
-46274488
57073721
-3045790
32298487
9334613
-64532517
-31137733
-51025244
9334613
66371555
-38174275
-49575202
-48636386
-23938521
-62568829
33011404
-52266847
-50407238
-9011001
-48023347
-64532517
64532517
-19921023
40888531
-62568829
59468857
67828430
9590963
-17469632
-37911763
-57378882
64239906
-15160276
4355196
45067876
-32475
-39016981
-57674413
30710268
-21043839
51991167
60555202
-57674413
-52266847
9512713
-23938521
-70256233
-64843448
-50918002
-52413261
9011001
-1
0
58004318
-18086255
1785561
-1
0
-48156417
-39263307
-56071666
3952442
-4257137
78805616
-58004318
-1
0
21594614
950873
-76486603
31996888
65596422
-950873
-1
0
-9692937
77708125
10907562
16185228
-1
0
-13398879
37590358
15848588
-17790332
-31137733
39016981
9692937
-78805616
-49836299
55501638
60697280
3952442
-18329796
44461891
50237007
-4355196
3045790
-37911763
-52930775
-48690362
57005994
-78805616
-70256233
-10907562
55501638
-38174275
-48636386
-64076778
-50407238
-57073721
-3952442
-9334613
-58004318
4257137
-1
0
36652084
-1
0
-49836299
18329796
36652084
-24603624
-1785561
-1
0
-52413261
37911763
-19921023
60555202
47457754
60697280
-1
0
-45067876
-2818495
32298487
-9590963
58004318
-2818495
-78805616
-32475
-64336629
-76486603
50008883
-78805616
31137733
-9692937
-4355196
39263307
72367532
79321897
64843448
22479673
-51025244
51991167
1
-32475
50237007
-66743026
37911763
-48413718
-1
0
77708125
77708125
-10744528
33011404
-26290778
9334613
-21707012
-50407238
32298487
15160276
-48690362
52413261
297375
-59468857
-3952442
49575202
17469632
-48690362
950873
-10174426
9512713
-57073721
-57674413
-15848588
51991167
-950873
-70256233
42135307
-2818495
-18086255
-72583540
10907562
39813124
35025863
-34683563
-52266847
-57674413
12024151
-41874722
35025863
67828430
-57674413
-66743026
31137733
-64336629
33011404
45773440
50008883
37243519
47457754
47457754
67828430
-57674413
-30710268
-48636386
-37911763
-1
0
49176788
-1785561
-21707012
64336629
-64843448
76486603
9590963
-2818495
22479673
42135307
-62568829
-64843448
-72367532
-60555202
-1785561
4257137
9011001
-3045790
-39813124
-48690362
-52266847
-41874722
-39263307
-50008883
50407238
25366527
-1
0
12024151
-60555202
-59468857
-37243519
60737207
-835173
-49277725
-18329796
-60737207
45067876
-49176788
-14761959
3045790
-3952442
-47457754
33011404
-66743026
-10907562
-48413718
66371555
52413261
17469632
31137733
-835173
10907562
-21043839
-24603624
31137733
-9692937
70586058
-35025863
-59468857
70586058
3045790
13398879
64076778
57005994
-66743026
-21662388
-25366527
66371555
-55501638
-30710268
-42425846
-39263307
32298487
-37243519
57073721
-34683563
-48413718
-42425846
1632658
-39016981
-79321897
49836299
48156417
-70256233
-74657919
-70586058
-39961198
-21594614
-60555202
31996888
-25366527
-7145270
42425846
-64843448
21043839
-60737207
-1586057
62568829
-58004318
-4355196
51991167
-78805616
-39813124
-48636386
18329796
-49249794
-64336629
-1
0
15160276
49277725
-21043839
-45773440
66743026
32792375
-2818495
-48690362
1632658
-1
0
45067876
-74657919
32298487
39016981
-34683563
9334613
77745606
-49176788
-59468857
-65596422
-21707012
9011001
49176788
13504873
-10744528
55712469
-10907562
17790332
-65596422
-55712469
48156417
-37911763
3952442
4355196
15848588
-45773440
64843448
31137733
-64076778
-950873
-39263307
-45067876
-51991167
10593357
25366527
24603624
-64336629
-23938521
-77708125
-7145270
47457754
-1586057
-10593357
-58004318
23542950
-1632658
23938521
-21707012
-835173
9011001
-16185228
-1
0
-9512713
-72367532
-23182039
-62568829
-49176788
-15848588
-64336629
-50407238
9334613
51025244
51025244
10174426
9512713
0
42135307
66743026
39813124
-1
0
52266847
49836299
-41874722
70586058
-9692937
-2818495
76486603
-64076778
-67828430
-55501638
-23182039
-39016981
74053345
32298487
-57073721
-77708125
-2818495
26290778
21662388
10174426
59468857
-1632658
-76486603
-1586057
-39813124
-13398879
32475
-39813124
-32475
-1
0
55501638
-57005994
-10174426
-1
0
-37590358
-66743026
-48636386
66743026
76486603
51025244
39263307
835173
-1586057
-19921023
-18086255
39016981
31996888
-10593357
30710268
9011001
-52930775
1
-31137733
-1
0
-77708125
52930775
42135307
49836299
51991167
62568829
46274488
-10174426
-14761959
-35025863
31996888
-55501638
42135307
-297375
49277725
-32475
37243519
1785561
-49836299
-70256233
-17790332
21594614
42135307
-1
0
67828430
-65596422
-1
0
-32792375
-49836299
-835173
-60697280
-9692937
-32475
42135307
49277725
-2818495
-52930775
10174426
9512713
1632658
-37590358
-39813124
48636386
35025863
-35025863
-21594614
-31996888
-50407238
31996888
56071666
50008883
-17790332
70256233
-9447014
-1
0
-7145270
-64336629
-77745606
-1785561
-1
0
-3045790
-35025863
51025244
15848588
77708125
50237007
-57378882
37911763
15160276
-50237007
76486603
10907562
-3952442
9512713
64532517
22479673
297375
60737207
-1586057
-64076778
-37911763
51025244
10174426
50407238
-48023347
13504873
297375
1632658
-67828430
-55501638
-46274488
-64843448
52266847
-64239906
-34683563
21043839
950873
-67828430
-55501638
36652084
39016981
-35025863
70586058
-64843448
1586057
15848588
-2818495
-67828430
-55501638
47457754
9447014
17469632
74657919
35025863
-46274488
-37590358
4355196
-70256233
-4257137
-835173
835173
-39016981
51025244
-1
0
-58004318
45067876
46274488
-39263307
-78972462
-36652084
-37590358
-52266847
16185228
-32298487
-25366527
1632658
-7145270
64532517
-1586057
51025244
10174426
10174426
-70586058
-57674413
-35025863
50918002
51991167
-19921023
-49277725
17252695
-60737207
9512713
41874722
-41874722
-39813124
55712469
51025244
10174426
9512713
0
31996888
-1
-950873
