-1
-36046038
-1
-65710821
0
55273811
66427129
43450225
53929597
43450225
0
1
1
1
0
15994097
0
15994097
0
0
-1
-60368594
0
79231658
20099553
72387538
7570201
59215715
47135396
30661641
72387538
33172544
65710821
61059367
49199967
29055622
56896850
53164022
12659057
61059367
65710821
72340575
48830757
20124129
26418406
65710821
36046038
78435635
38840477
66458571
13850157
61059367
65710821
53929597
66427129
75100167
65710821
66427129
48102518
7570201
75100167
65710821
72340575
39374323
23977571
32991986
21903238
65710821
51615191
78435635
70953973
79554488
66458571
31456757
1634427
65710821
29577765
65710821
45499270
26418406
2958288
-1
-23244563
0
20099553
0
11247115
60368594
60368594
11247115
60368594
60368594
11247115
11247115
11247115
11247115
28765376
11247115
11247115
28765376
19602269
10124181
19602269
19602269
28765376
28765376
19602269
2958288
36521472
36521472
69890477
10124181
58847211
2958288
58847211
58847211
67333498
2958288
67333498
67333498
76976947
12800091
66866742
55273811
76976947
12800091
25084883
12800091
67333498
67333498
55273811
75727169
55273811
25084883
26469803
24114810
71326965
71326965
71326965
58847211
52317368
22998929
76084848
75727169
24114810
76084848
66866742
24114810
71326965
24114810
-1
-23244563
0
20099553
1
11247115
28765376
28765376
19602269
28765376
19602269
20094416
19602269
19602269
20094416
24114810
76976947
67333498
76976947
24114810
24114810
24114810
24114810
24114810
24114810
24114810
24114810
24114810
24114810
24114810
24114810
24114810
24114810
24114810
24114810
24114810
24114810
24114810
24114810
24114810
24114810
24114810
24114810
24114810
24114810
24114810
24114810
24114810
24114810
24114810
24114810
24114810
24114810
24114810
24114810
24114810
24114810
24114810
24114810
24114810
24114810
24114810
24114810
24114810
24114810
24114810
24114810
24114810
24114810
-1
-1498680
0
25084883
10124181
0
-39525237
0
-39525237
11247115
1
20589327
0
60368594
25084883
1
11247115
25084883
1
-1
-24838563
0
39525237
0
0
1
19602269
1
1
1
1
1
1
0
0
0
0
0
0
0
0
1
60368594
11247115
28765376
19602269
69890477
36521472
10124181
20094416
2958288
67333498
-1
-24838563
0
-48900656
55273811
0
60368594
1
11247115
11247115
60368594
28765376
11247115
19602269
19602269
28765376
28765376
0
0
1
15690161
1
60368594
11247115
0
28765376
25084883
19602269
66866742
77935321
48830757
59215715
69890477
26469803
42235261
70953973
36521472
20589327
51615191
24114810
23977571
-42832057
-22395088
-39617883
10124181
24860641
18153941
-30661641
-2679355
71326965
72387538
-44346445
-55273811
19193559
79248235
53319166
62184122
-10026297
20094416
2958288
75727169
22998929
76084848
29119275
9066649
23244563
56512023
44965376
36046038
32991986
63663917
58210939
23192593
39374323
68090916
14526436
45499270
33172544
20099553
35442188
7570201
43450225
75100167
64140523
53929597
66427129
31255831
47135396
21836490
69850538
6454432
33013941
33736022
45382323
51722748
49199967
12659057
37268845
61059367
33372766
66458571
56896850
38840477
31456757
78435635
72340575
68822976
60085930
1634427
17080697
-15690161
-60451688
-78401401
-17080697
-1634427
-60085930
-68822976
-72340575
-13850157
-37398665
-79554488
-4115099
-56896850
-66458571
-33372766
-61059367
-37268845
-1811193
-18448218
-1543382
-57905293
-45382323
-33736022
-33013941
-6454432
-69850538
-14300037
-34158513
-30595064
-48900656
-66427129
-53929597
-64140523
-75100167
-43450225
-31559784
-29577765
-24838563
-79231658
-33172544
-45499270
-14526436
-68090916
-39374323
-20124129
-29055622
-21903238
-27131374
-63663917
-32991986
-36046038
-44965376
-56512023
-39525237
-38941852
-42795696
-68522451
-53280975
-9066649
-29119275
-76084848
-22998929
-75727169
-52317368
-12800091
-76976947
-58847211
-67333498
-2958288
-20094416
-10124181
-36521472
-69890477
-1
-24838563
0
39525237
1
0
11247115
1
1
1
1
1
1
1
1
1
0
0
0
0
0
0
1
60368594
11247115
28765376
19602269
69890477
36521472
10124181
20094416
2958288
67333498
-1
-24838563
0
-48900656
25084883
0
60368594
1
60368594
28765376
28765376
11247115
28765376
36521472
19602269
28765376
28765376
0
1
60368594
68822976
0
1
60368594
11247115
25084883
28765376
19602269
77935321
48830757
69890477
66866742
59215715
42235261
36521472
70953973
51615191
26469803
20589327
23977571
-42832057
10124181
24114810
18153941
-22395088
-39617883
-30661641
-2679355
20094416
24860641
79248235
72387538
-55273811
71326965
53319166
62184122
-44346445
2958288
75727169
19193559
58210939
-39525237
23244563
-52317368
22998929
76084848
29119275
9066649
56512023
44965376
36046038
32991986
63663917
23192593
39374323
68090916
14526436
45499270
33172544
20099553
35442188
7570201
43450225
75100167
64140523
53929597
66427129
31255831
47135396
21836490
69850538
6454432
33013941
33736022
45382323
51722748
49199967
12659057
37268845
61059367
33372766
66458571
56896850
38840477
31456757
78435635
72340575
68822976
60085930
1634427
17080697
-10026297
-15690161
-60451688
-78401401
-17080697
-1634427
-60085930
-68822976
-72340575
-13850157
-37398665
-79554488
-4115099
-56896850
-66458571
-33372766
-61059367
-37268845
-1811193
-18448218
-1543382
-57905293
-45382323
-33736022
-33013941
-6454432
-69850538
-14300037
-34158513
-30595064
-48900656
-66427129
-53929597
-64140523
-75100167
-43450225
-31559784
-29577765
-24838563
-79231658
-33172544
-45499270
-14526436
-68090916
-39374323
-20124129
-29055622
-21903238
-27131374
-63663917
-32991986
-36046038
-44965376
-56512023
-38941852
-42795696
-68522451
-53280975
-9066649
-29119275
-76084848
-22998929
-75727169
-12800091
-76976947
-58847211
-67333498
-2958288
-20094416
-10124181
-36521472
-69890477
-1
-56512023
0
58847211
11247115
1
0
60368594
25084883
11247115
25084883
0
2679355
0
-36521472
-37268845
-48830757
-31559784
79248235
15690161
-37268845
52317368
-67333498
21836490
-4115099
-38941852
2679355
11247115
-79248235
51615191
37398665
-1
0
21903238
-59215715
-25084883
-24860641
72340575
75727169
-20589327
65710821
-1634427
-24114810
-27131374
-68822976
-38941852
-77935321
26469803
-1
0
-18448218
6454432
-29577765
-39374323
61059367
-20124129
-31559784
44965376
1
39374323
-4115099
76976947
-66427129
-12659057
24838563
2679355
-43450225
-42235261
68090916
-63663917
-24114810
10026297
-79248235
38840477
1811193
-78435635
39374323
-30661641
76976947
-79231658
-30595064
-76976947
6454432
20094416
1634427
2679355
-69890477
35442188
-76976947
42832057
-23244563
2679355
-20094416
4115099
-53929597
36521472
32991986
-76976947
-75727169
72340575
62184122
-61059367
-66458571
-22998929
-2958288
78401401
33372766
77935321
-31255831
-59215715
58847211
33372766
53164022
-75727169
39617883
-76976947
-32991986
-14526436
-1
0
-56896850
-70953973
-19193559
-77935321
33013941
-56896850
-68090916
-2958288
-12659057
-33372766
2679355
38840477
1811193
-78435635
-18448218
-45499270
12800091
-68822976
-45382323
-48830757
39374323
-33736022
68090916
-70953973
2679355
-28765376
-34158513
-30595064
-48900656
-60368594
52317368
-20094416
-59215715
-56512023
-42235261
69850538
62184122
-20094416
30595064
69890477
-10124181
-33736022
-79231658
33172544
22395088
-17080697
-58847211
-25084883
-24114810
-23192593
79231658
14526436
-45382323
-12659057
-23192593
-71326965
-11247115
-48830757
-20094416
-21836490
-45499270
22395088
56512023
-19602269
35442188
-36521472
-67333498
-31255831
42832057
55273811
-71326965
-20094416
17080697
-4115099
-33172544
61059367
2679355
-78401401
15994097
78435635
-72387538
-39374323
55273811
-68522451
-68822976
-68522451
-38941852
56896850
-77935321
-19193559
44965376
-48900656
-48900656
-56896850
-66866742
42832057
63663917
36046038
-58210939
-26469803
-22998929
42795696
72340575
9066649
36521472
-15690161
76976947
-79231658
-53929597
-70953973
68090916
-11247115
-69890477
-21836490
-70953973
12800091
24838563
79231658
23192593
-27131374
-48830757
-23244563
79231658
42832057
-21836490
-42235261
-15994097
-28765376
26469803
-55273811
72340575
-76976947
-24838563
-66458571
31559784
30661641
-37398665
44346445
-25084883
-59215715
-53280975
-31255831
38840477
53319166
51615191
75727169
29577765
30595064
69890477
67333498
-26469803
-58210939
-52317368
79231658
22395088
0
15690161
-33736022
-60368594
33013941
-27131374
-58847211
-10124181
20099553
1634427
-1
0
24838563
4115099
-58847211
24860641
-39525237
-25084883
-24114810
-29577765
-45382323
-76084848
-56896850
-26418406
15690161
-66427129
76084848
-33736022
-53319166
-20099553
75727169
-76976947
-65710821
-63663917
-51615191
37398665
37398665
-68522451
-11247115
-72340575
36046038
2679355
-22998929
-42235261
-56896850
-48900656
-53280975
-19602269
33736022
-53319166
-77935321
-48102518
-68822976
-36521472
15994097
-1
0
69890477
-25084883
15690161
56896850
57905293
2679355
-1634427
79248235
57905293
10026297
-9066649
60085930
4115099
-58847211
78435635
31559784
0
-44965376
-75727169
1811193
42832057
-51722748
12659057
-19602269
-1
0
-36521472
61059367
33013941
-53319166
19193559
-11247115
-49199967
56512023
-60368594
-79248235
-53319166
76084848
70953973
-12800091
44965376
-1
0
-56896850
62184122
-23192593
39525237
-60368594
79231658
57905293
1811193
79554488
-31559784
42235261
-68522451
31559784
69890477
42832057
-1634427
-70953973
37268845
-29055622
60451688
-25084883
56512023
-30661641
20124129
60451688
27131374
-60368594
-59215715
-20094416
23192593
-2958288
34158513
-53929597
-31559784
67333498
-48830757
-77935321
-22998929
-66458571
-48102518
-23192593
19602269
-58847211
2679355
-71326965
20589327
-66458571
-10124181
-21836490
-79248235
24838563
42832057
-65710821
10124181
31456757
-23244563
-70953973
44965376
-11247115
42832057
-60368594
-68090916
30595064
-45499270
-53164022
-36521472
-53319166
-76976947
-29577765
-1543382
1543382
18153941
79231658
39525237
-36521472
4115099
69850538
56512023
-26418406
-1
0
-44346445
-59215715
38840477
1811193
-78401401
-69850538
-10124181
10026297
-14300037
-13850157
-45499270
-24114810
-27131374
-49199967
-69850538
-58210939
1543382
-1634427
39525237
37398665
-57905293
69850538
-2958288
-4115099
-57905293
66458571
-66427129
-32991986
2679355
37398665
-20099553
-76976947
61059367
-12800091
-59215715
1634427
-53280975
42832057
11247115
2679355
-19602269
21836490
-29055622
-23244563
33372766
42832057
-56512023
39617883
-12800091
-33172544
-30595064
-39617883
-55273811
68822976
-11247115
48830757
-47135396
-75100167
-9066649
38941852
-14526436
-76976947
-24860641
6454432
-60368594
63663917
48900656
-70953973
33172544
33372766
42832057
-71326965
-51722748
75727169
-20589327
68522451
-19602269
23192593
17080697
20099553
-10124181
53319166
53280975
22395088
-36521472
51722748
48102518
-18153941
-12659057
31255831
-48830757
79248235
30661641
49199967
53164022
66458571
-39525237
-1
0
-69890477
70953973
21836490
-42235261
-58847211
14526436
7570201
68822976
-76976947
45382323
69850538
29577765
-11247115
-31255831
7570201
-9066649
39617883
32991986
-9066649
45382323
-77935321
-17080697
-62184122
24838563
-36046038
17080697
6454432
19193559
-26418406
55273811
4115099
-32991986
56512023
-10026297
-64140523
39525237
55273811
66458571
-1
0
12659057
-75100167
23192593
-71326965
-39525237
51615191
68522451
-20589327
-68522451
-51615191
39525237
71326965
-1634427
-60451688
-11247115
-76976947
-37268845
-1811193
-53319166
-22998929
42235261
6454432
-72387538
60451688
-36046038
-75727169
32991986
-30595064
48102518
36521472
-56512023
-22998929
-55273811
-72387538
-76976947
-60368594
78401401
47135396
68090916
-1
0
2958288
-9066649
-75100167
-66427129
-12800091
60451688
-75727169
-67333498
-32991986
-22998929
48102518
-43450225
6454432
-29119275
-53319166
-21903238
-69890477
-1
0
12659057
-14526436
60451688
-20094416
66458571
-55273811
79248235
72387538
-29055622
-31255831
-28765376
-70953973
33172544
63663917
-53280975
60451688
22395088
-55273811
-56896850
-76976947
-29577765
-37268845
19193559
-20094416
-34158513
34158513
-19602269
-51615191
79248235
-20094416
-70953973
-19602269
29055622
15690161
66427129
-55273811
6454432
76976947
-52317368
68822976
-29577765
-37398665
60085930
-37398665
-29577765
42832057
51722748
-1634427
-60368594
17080697
19193559
-13850157
42832057
-30595064
-78435635
-28765376
23192593
-32991986
-1634427
-24838563
68090916
47135396
-36046038
-36521472
51722748
-29577765
-25084883
1634427
51615191
78435635
-68522451
33736022
-48830757
-68522451
29119275
42832057
68822976
-9066649
-11247115
-45499270
-23244563
-60368594
-79248235
78435635
-60368594
77935321
-55273811
-31255831
-70953973
-60451688
-30595064
-25084883
-19193559
-29577765
58210939
-76976947
-36521472
42832057
-35442188
-7570201
-56896850
-38941852
14526436
70953973
-1
0
78435635
6454432
-9066649
37268845
-42235261
29055622
-32991986
13850157
7570201
-66427129
-18448218
58210939
26418406
39525237
-19193559
-79231658
44965376
-66866742
-71326965
35442188
60085930
-37268845
34158513
61059367
34158513
-19602269
38941852
-18448218
24114810
-53929597
26469803
-79231658
-79231658
-35442188
-22395088
-18153941
-24860641
-70953973
-24114810
-14300037
-1
0
72340575
-18153941
-33736022
-44965376
66458571
38840477
-14526436
-56896850
20589327
24838563
-28765376
-17080697
76976947
-45499270
23192593
31559784
-12659057
12659057
-2958288
-78435635
-60085930
-78401401
33372766
-45382323
-68822976
23192593
-2679355
-22998929
-70953973
-69890477
-53280975
-76976947
-32991986
-47135396
-28765376
56512023
-10124181
39617883
1634427
-72387538
56896850
53164022
39525237
-67333498
-55273811
7570201
-1
0
30595064
-22998929
-23977571
-42235261
19193559
48900656
-57905293
-1634427
-29119275
-70953973
24838563
-48830757
6454432
-10124181
11247115
-55273811
-17080697
37398665
38840477
-14526436
-1634427
-68090916
-11247115
-79231658
15690161
-26469803
-65710821
2679355
-17080697
-63663917
10026297
53280975
-29055622
15994097
-11247115
-48830757
-25084883
-71326965
-13850157
-10124181
29055622
-55273811
-12800091
39525237
20094416
33372766
-53164022
34158513
-1
0
29055622
-71326965
-36046038
25084883
-71326965
-79231658
-49199967
-36521472
-9066649
15690161
1543382
67333498
-56896850
53164022
21836490
-61059367
-15994097
-19602269
34158513
69850538
-17080697
66427129
-18153941
-79554488
25084883
65710821
-66427129
-15690161
-24114810
-21903238
-19602269
-33372766
31559784
-29055622
18153941
53929597
20099553
-68090916
1811193
-1634427
-64140523
1634427
-13850157
-29119275
-49199967
-23977571
11247115
-38941852
-51615191
-15690161
-59215715
-66427129
-28765376
-78435635
-36046038
42832057
-32991986
-29577765
39525237
-11247115
-20094416
39617883
20124129
-10124181
-1
0
-2679355
31255831
42832057
-72387538
-42235261
-14300037
78435635
33736022
27131374
-79248235
-28765376
53929597
-39525237
-33372766
78435635
44346445
-67333498
-27131374
-79231658
69850538
61059367
-6454432
66427129
38941852
-39525237
-55273811
61059367
-68822976
58210939
2679355
-34158513
1543382
-63663917
23244563
-1634427
-1634427
-60368594
-29055622
38840477
39617883
30661641
-10124181
-48830757
-39525237
39617883
-44965376
-72387538
61059367
-37268845
9066649
-76976947
-23244563
-1
0
36521472
42832057
37268845
-1
0
-6454432
-72387538
1811193
70953973
66427129
-22395088
-33172544
33736022
-22998929
21836490
-57905293
-2958288
39617883
-57905293
66458571
23244563
-31456757
-63663917
-21903238
-20094416
-30595064
-69850538
10124181
1498680
-24838563
-35442188
-30661641
-17080697
-30661641
44346445
-58847211
-69850538
-71326965
37268845
-30595064
-69850538
68822976
-56896850
-59215715
37268845
-15994097
19193559
53164022
-29055622
45382323
69850538
76976947
-69890477
6454432
61059367
-33013941
-32991986
68090916
-69850538
-45499270
59215715
-23192593
24860641
-13850157
-75100167
-15690161
-11247115
56512023
-64140523
-1
0
76084848
45382323
42832057
-23192593
56896850
-26469803
-45382323
-51615191
-11247115
56512023
-75100167
-25084883
75727169
-45499270
-60368594
-38840477
21836490
-1634427
-20094416
56512023
62184122
-58210939
-12800091
-71326965
-24838563
-79231658
47135396
-23977571
34158513
33372766
1811193
-45382323
79248235
33736022
-10124181
-68090916
-42235261
-33013941
-17080697
-45499270
-68090916
-38941852
24860641
-68090916
79231658
19602269
24114810
42235261
69850538
38840477
39525237
-57905293
-68090916
19602269
52317368
42795696
29577765
32991986
-51615191
42795696
10026297
13850157
15690161
-6454432
33736022
-71326965
36521472
-33172544
17080697
-47135396
-56512023
44965376
-17080697
-67333498
18448218
14300037
76084848
60451688
-36521472
-26469803
29055622
-20589327
30661641
27131374
-11247115
-27131374
-31255831
-29119275
-72387538
22395088
-45499270
17080697
-31456757
33172544
68822976
-10026297
-48900656
-23192593
-68090916
-39617883
-76976947
-65710821
-72340575
-24860641
-28765376
-14526436
-59215715
-35442188
-7570201
72340575
-27131374
-20124129
-60368594
19193559
10124181
31559784
26469803
-32991986
13850157
34158513
-63663917
-57905293
24838563
-33736022
-23192593
-11247115
-71326965
-36521472
-60451688
7570201
-20094416
68090916
39525237
-20099553
45382323
9066649
30661641
-78401401
-48900656
-38840477
30595064
-79231658
-2958288
29577765
38941852
-66866742
-42795696
-60368594
-75100167
57905293
-34158513
-63663917
47135396
-77935321
-64140523
-75100167
-42235261
-45382323
31559784
20094416
-10124181
48900656
-19602269
55273811
59215715
-47135396
-29577765
-47135396
-23192593
-57905293
30661641
21903238
10026297
61059367
-4115099
-9066649
39374323
-68090916
-29055622
-1
0
59215715
-24860641
39617883
42832057
-79248235
-66866742
38941852
58847211
32991986
78401401
-12800091
45499270
53280975
52317368
36521472
4115099
75727169
-56512023
79554488
55273811
-48830757
-18448218
48900656
2679355
-28765376
-34158513
-19602269
44965376
-25084883
29055622
-70953973
-60368594
-69890477
-23244563
39617883
72387538
-60368594
-48830757
-20589327
0
-1634427
35442188
-66427129
-76976947
-35442188
-70953973
20589327
1634427
-59215715
-29119275
-47135396
-31456757
-1
0
-10124181
-76976947
15690161
-75727169
-29119275
-59215715
-30595064
22395088
23192593
-20099553
66427129
52317368
56512023
66458571
61059367
-1
0
-45382323
-59215715
29055622
17080697
-32991986
-78401401
51722748
-12659057
-26469803
26418406
1634427
-27131374
-53280975
14300037
75100167
-7570201
-1634427
-10124181
-51615191
-1543382
58210939
53929597
77935321
-60368594
-79248235
-10026297
-48900656
68822976
-29577765
1543382
42832057
-17080697
-66866742
-1
0
-44346445
-21836490
-39617883
53929597
-71326965
-23192593
-49199967
-51615191
10026297
56512023
-13850157
18448218
-27131374
-33372766
78435635
9066649
-9066649
-20589327
17080697
17080697
18448218
-44346445
20094416
28765376
-1811193
78435635
-6454432
68822976
30595064
-75100167
-7570201
-72387538
37398665
44346445
-45382323
-33013941
1811193
-69890477
-53929597
-9066649
24860641
-44965376
26469803
39617883
-24860641
69850538
19193559
-48830757
-2958288
-37268845
44346445
-25084883
-69850538
-53319166
-69890477
-53280975
-22395088
-63663917
23977571
-9066649
-33172544
53280975
-37268845
-65710821
24838563
53929597
-65710821
60085930
4115099
-35442188
1634427
-71326965
63663917
-60368594
17080697
-68822976
29119275
38941852
53280975
-47135396
33372766
38840477
57905293
6454432
68090916
58210939
71326965
-26469803
33172544
-2958288
-12659057
76976947
-79248235
53164022
17080697
-72387538
-38840477
35442188
1498680
-65710821
-66866742
4115099
36521472
72387538
-13850157
56896850
-75727169
-42235261
-24114810
4115099
-33372766
-21903238
-18448218
-19602269
23192593
33736022
-23192593
24860641
-4115099
-59215715
-47135396
42795696
14300037
-43450225
53280975
-20094416
-72387538
78401401
31255831
-31255831
-58210939
49199967
15994097
-59215715
66427129
-9066649
-28765376
53929597
2679355
-69890477
23192593
31456757
-37398665
31456757
-72387538
22395088
1811193
-15690161
-11247115
9066649
-60085930
60451688
61059367
58847211
-51615191
23977571
-18153941
-47135396
-66427129
-71326965
45382323
-32991986
-68090916
33736022
30661641
39617883
30661641
48900656
-39525237
31559784
4115099
29119275
-52317368
-38840477
-1811193
-72340575
27131374
20099553
-48830757
2679355
66427129
-20589327
66427129
37268845
-69890477
12659057
23977571
13850157
-48900656
-36521472
-75100167
-2958288
-15994097
-25084883
33013941
-69890477
-33172544
-51722748
12800091
-53929597
37398665
15690161
12659057
68090916
-69890477
-78435635
-7570201
68822976
-53929597
-1
0
-18153941
-4115099
-56896850
-42235261
-57905293
18153941
-55273811
34158513
-6454432
56896850
48102518
33736022
20099553
-60368594
-18153941
-66866742
30661641
44346445
-11247115
-77935321
-2958288
-6454432
20099553
43450225
68522451
-66458571
31559784
2958288
-52317368
75727169
-51722748
39374323
-61059367
-21836490
-24860641
33736022
-58210939
2679355
42832057
37398665
24860641
7570201
77935321
-60368594
-2958288
-29055622
-38840477
-27131374
-23244563
60451688
24838563
-27131374
-48900656
-26469803
22998929
14300037
56512023
53280975
-19193559
-44965376
26469803
-70953973
-48102518
30595064
42832057
-52317368
-53280975
-60368594
-26469803
78401401
-25084883
-26469803
-75100167
-55273811
-77935321
-31559784
-18153941
53280975
-55273811
-70953973
-78401401
-48900656
-51722748
60368594
-48830757
-48830757
-18153941
-7570201
-64140523
60085930
-25084883
23192593
30661641
-36521472
-10124181
63663917
-59215715
-79231658
-1
0
60451688
-32991986
-23192593
-56512023
22395088
-72340575
-57905293
-53929597
-30595064
39374323
-37398665
45382323
20099553
68090916
-57905293
-48830757
-66458571
-19602269
-53280975
-1
0
-42832057
17080697
6454432
-19193559
-29055622
-69850538
-71326965
42235261
75100167
-4115099
63663917
38941852
-33172544
-53929597
-18153941
15690161
48830757
-65710821
37398665
37268845
42795696
48900656
-14526436
-42235261
-18448218
60451688
26469803
2679355
-69890477
-51615191
-36521472
22395088
-1
0
24838563
-71326965
-38941852
-42235261
-1634427
45382323
-51615191
-56512023
13850157
15994097
-37268845
-18153941
-58210939
-10124181
45499270
51722748
39374323
-57905293
-68522451
34158513
-1
0
21903238
27131374
-23192593
-49199967
-51615191
6454432
52317368
39525237
60451688
-20094416
29055622
69890477
42832057
-58847211
56896850
-22998929
29055622
-1543382
-47135396
48900656
10124181
31559784
-79248235
57905293
72340575
78435635
-1498680
78401401
51722748
-20589327
-61059367
58847211
71326965
37268845
76084848
-71326965
66427129
-23977571
-63663917
-69850538
19602269
-61059367
-59215715
70953973
-33013941
37268845
-30661641
-72387538
-48900656
65710821
-33013941
13850157
37398665
27131374
-33736022
-44965376
76084848
-76976947
68522451
53280975
-2679355
-2958288
-37268845
-31255831
38840477
66458571
-2958288
56896850
-22998929
44346445
29055622
10026297
-79248235
-1
0
21903238
4115099
-53319166
-21903238
-1543382
-47135396
19193559
79554488
51722748
-79248235
23244563
69850538
78401401
66427129
-75100167
58847211
71326965
-57905293
37398665
-45382323
-1
0
-1543382
-63663917
65710821
38840477
-32991986
33172544
68090916
-11247115
48830757
-47135396
-21836490
-11247115
53280975
-26469803
2679355
-12800091
-33172544
-20099553
7570201
58210939
56896850
-39617883
-69850538
-36046038
-44346445
-39374323
36521472
-78401401
4115099
10026297
76084848
-1634427
-60368594
60085930
-32991986
-51722748
4115099
17080697
22395088
-44965376
-21836490
-77935321
-35442188
20099553
66458571
76976947
1634427
44346445
-72340575
-47135396
42832057
-32991986
-26418406
35442188
-51615191
75727169
-63663917
-26469803
27131374
-13850157
-59215715
-42235261
18153941
-32991986
-30595064
-56512023
-38941852
78435635
27131374
9066649
-19193559
-38941852
-22395088
-39374323
-20589327
75100167
33013941
-66458571
42795696
27131374
22395088
31255831
-47135396
75100167
-22998929
30595064
-53280975
-22395088
-39374323
-71326965
9066649
44965376
-56512023
27131374
-61059367
-27131374
-30595064
53929597
37398665
30661641
24860641
23192593
-76084848
-31456757
-4115099
-51615191
-38941852
35442188
-1
0
-68822976
79554488
-67333498
-44965376
-1634427
-24838563
-23192593
-70953973
-53164022
-39525237
-31255831
66427129
26469803
-42832057
-9066649
-19602269
36046038
-6454432
-33013941
-42235261
78401401
-33372766
-36521472
-23977571
35442188
10026297
-53164022
29577765
69850538
17080697
78401401
-57905293
79248235
12659057
10026297
31456757
15690161
33372766
-24838563
-13850157
-30595064
-35442188
39525237
51722748
-2958288
-70953973
66866742
30661641
68090916
-28765376
-69890477
33736022
34158513
44965376
-28765376
76976947
-18153941
21836490
-1
0
-26418406
-21836490
32991986
-75727169
-1
0
-1634427
-48900656
39525237
-24114810
-23244563
-61059367
-1
0
-22998929
-47135396
10026297
39617883
-60368594
-79248235
35442188
31559784
79248235
-21836490
52317368
-52317368
-70953973
32991986
60085930
-70953973
-79231658
45382323
-56896850
-33736022
-1811193
4115099
10026297
29119275
-20099553
-35442188
-56896850
78401401
76084848
13850157
56512023
-35442188
-53929597
-72340575
39617883
-70953973
-14526436
-4115099
31559784
-2958288
-77935321
-2958288
45382323
-35442188
-72340575
-20124129
58847211
-37398665
1811193
-7570201
-72387538
-10124181
62184122
78401401
-42235261
-72340575
44965376
43450225
-1
0
42235261
-11247115
-39617883
-33013941
-36521472
51615191
-1
0
-23244563
43450225
-42235261
23192593
-21903238
-24114810
14300037
-38840477
-31255831
-77935321
66458571
-24860641
30595064
6454432
52317368
13850157
42832057
-65710821
29055622
-66427129
-18153941
-7570201
2958288
-11247115
-31559784
-34158513
76084848
38840477
21836490
-29119275
29577765
-29055622
-2958288
21836490
-55273811
53929597
-52317368
-20094416
-68822976
56512023
-60451688
-1
0
-33013941
-48900656
-36046038
49199967
-42235261
-44346445
2679355
20094416
60085930
43450225
-48830757
-29577765
17080697
79554488
55273811
-29577765
19602269
60451688
51722748
-1
0
28765376
-19602269
-48900656
-23977571
-53929597
-42795696
39525237
-69890477
51722748
68522451
23977571
42832057
-76084848
21836490
-20094416
51722748
-68090916
-60368594
-38840477
1543382
23192593
-60368594
48830757
-20124129
77935321
66427129
-36046038
-34158513
-47135396
42795696
-4115099
-30661641
70953973
1543382
-30661641
79231658
-38840477
47135396
-62184122
-30595064
-47135396
-21836490
42795696
44965376
-45382323
31559784
-75100167
76976947
-48900656
13850157
36521472
21836490
-18153941
-21836490
34158513
15690161
52317368
-28765376
-2958288
-72387538
12800091
-1
0
-33172544
-59215715
37268845
-1
0
-56896850
-27131374
-48830757
1811193
60085930
-38941852
39525237
-36521472
-26469803
57905293
78401401
31255831
76084848
35442188
-24114810
23192593
18448218
48900656
-60368594
-12659057
6454432
27131374
42832057
-33013941
-29577765
1543382
-67333498
-48830757
-31456757
70953973
-75100167
-1
0
-56896850
-27131374
-48830757
1811193
60085930
-69850538
39525237
-36521472
-26469803
1543382
-14300037
33172544
52317368
18153941
-34158513
-7570201
-17080697
-43450225
-31255831
39525237
-20099553
60085930
-79248235
-1634427
-68822976
-71326965
-69850538
-34158513
-52317368
68822976
-44965376
-31255831
-59215715
-32991986
47135396
58847211
-67333498
53280975
-11247115
66427129
53280975
4115099
56896850
-38941852
78435635
-59215715
26469803
-1
0
-29055622
56896850
-65710821
24838563
7570201
-42795696
-1
0
-34158513
42832057
-23192593
17080697
-12800091
-26469803
78401401
-38941852
6454432
-11247115
39374323
-31255831
-75100167
64140523
79231658
-1
0
55273811
-10124181
-43450225
-35442188
-20094416
33013941
-63663917
31559784
-29055622
1543382
-79231658
-48830757
-78435635
-45382323
-19602269
68090916
-69890477
-75727169
-53280975
22395088
24838563
21836490
-1
0
34158513
-69850538
45499270
64140523
-49199967
-38840477
-20099553
69850538
42832057
-30595064
-19193559
-32991986
68090916
-69850538
-1543382
23192593
-12659057
-1
0
20094416
42795696
20099553
38840477
-6454432
20099553
38840477
-1
0
29055622
-21836490
64140523
35442188
-39525237
-49199967
-62184122
44965376
57905293
-1
0
-51615191
-18448218
33013941
-68822976
23244563
22395088
60085930
-17080697
60085930
4115099
-33372766
53929597
-71326965
29119275
68522451
-14300037
56512023
17080697
-79231658
-52317368
52317368
-28765376
-15690161
61059367
-31255831
-69850538
-79231658
-32991986
2679355
-68522451
53280975
29577765
18448218
39525237
-62184122
19193559
79248235
-48830757
48830757
7570201
2679355
69890477
-72340575
-69890477
78401401
-53319166
22998929
32991986
-69890477
1498680
-52317368
-29055622
38941852
-47135396
-60368594
-19602269
-20589327
-39617883
-12800091
-71326965
-76976947
-37398665
-22998929
45499270
66427129
26469803
75100167
33736022
-53929597
68090916
39617883
37268845
-31255831
-1634427
66427129
-39374323
-59215715
-29055622
10026297
-29055622
45382323
35442188
-56512023
69890477
23244563
-20094416
-29577765
-36046038
13850157
10026297
19193559
60085930
79231658
39617883
-1634427
-60368594
-10026297
32991986
-9066649
6454432
-59491912
-60368594
-20124129
10026297
20094416
-78435635
-2679355
-70953973
26469803
-25084883
-53280975
-34158513
-9066649
-45499270
48102518
-22395088
-66866742
51722748
-1
0
12659057
-78435635
10026297
-52317368
42832057
-25084883
-42235261
-29119275
39617883
18448218
57905293
59215715
-2958288
-70953973
76976947
-36521472
-26418406
-1
0
-42235261
-29055622
-59215715
1634427
-1
0
11247115
39617883
-37268845
-35442188
-32991986
-2958288
-33372766
-10124181
15690161
1634427
-38941852
2679355
28765376
-44965376
60085930
-33372766
20099553
-60368594
-21836490
-11247115
24860641
-60368594
0
-23192593
-76976947
29055622
78401401
-36046038
66427129
-45499270
-39617883
69850538
-51615191
-66427129
-1543382
21836490
-11247115
-42832057
-70953973
-24114810
-20589327
24860641
-52317368
-45499270
-11247115
1634427
-23244563
42832057
-76084848
-33172544
-42235261
-66427129
-24114810
23192593
39617883
-36521472
51722748
39617883
66866742
-60368594
-31559784
-26418406
15690161
-12659057
57905293
-52317368
47135396
-59215715
-76976947
-32991986
30661641
-53929597
-1
0
-44346445
-38840477
39617883
57905293
23244563
-77935321
-44965376
-69850538
-52317368
66866742
48830757
-57905293
12800091
20099553
53319166
-1
0
-79231658
48102518
-76084848
-4115099
-10026297
-1
0
53280975
21903238
-26469803
-21836490
-79248235
-60368594
19193559
60085930
-21836490
-24114810
-20589327
15690161
60085930
13850157
-20099553
-38941852
-25084883
-36521472
37398665
-29119275
-63663917
23244563
39525237
30661641
-20589327
60451688
10026297
-34158513
-1
0
-53319166
-20589327
7570201
51615191
-69890477
-66458571
-26469803
29119275
61059367
-1
0
29577765
-21836490
-68522451
37398665
6454432
-38941852
-20099553
-33736022
-56512023
24838563
-33372766
10026297
-32991986
14526436
-1
0
-56896850
-53319166
21836490
49199967
-77935321
-75727169
-59215715
-23244563
42832057
-12800091
-45499270
21836490
-15690161
-60368594
-44965376
-63663917
-19193559
-37398665
45499270
-29119275
47135396
-69890477
-78435635
21836490
-11247115
-1811193
58210939
-24860641
48900656
-11247115
30595064
-27131374
-62184122
-1
0
68522451
77935321
-75100167
-1
0
-20094416
-4115099
-12800091
-25084883
-2958288
6454432
-44965376
-59215715
-21903238
-20589327
48900656
45382323
-43450225
47135396
-55273811
-19193559
-60368594
-29119275
-26469803
-30661641
30661641
2679355
-11247115
-55273811
-67333498
31559784
-14526436
-23977571
71326965
30661641
-57905293
-39617883
-10124181
-38840477
-2958288
-70953973
-36521472
37398665
30595064
-75100167
-52317368
-51615191
-56512023
4115099
-24838563
-24114810
-29119275
-37268845
-56512023
-43450225
15690161
39374323
-19602269
-26469803
58210939
-57905293
38941852
20099553
10026297
38840477
-36046038
-58847211
-24860641
10026297
22395088
-34158513
42235261
1634427
-42795696
-1
0
-34158513
42832057
-23192593
56896850
12659057
-66427129
-1634427
1634427
-11247115
-68822976
-29119275
6454432
-22395088
60085930
-66427129
-69890477
4115099
4115099
-70953973
-77935321
48102518
22395088
20094416
53280975
10026297
77935321
-10124181
-38840477
-2958288
-70953973
-36521472
37398665
1543382
12659057
-48830757
-38840477
2679355
-53280975
-30595064
-29055622
6454432
26469803
-31255831
-71326965
23192593
-45499270
-75727169
-69890477
-39617883
44965376
26469803
34158513
-37268845
-20124129
67333498
-49199967
-31559784
78435635
30661641
43450225
-18153941
-10124181
-29577765
-33736022
25084883
-68522451
-38941852
79554488
6454432
24860641
38840477
-52317368
22998929
-26469803
39525237
-75727169
70953973
-56896850
-64140523
33172544
-20099553
37268845
58210939
-59491912
79248235
31559784
-57905293
36046038
-1
0
-45382323
42235261
43450225
-77935321
-69890477
71326965
17080697
42832057
6454432
75100167
-4115099
24838563
21836490
-62184122
-20589327
-48830757
-79231658
6454432
-66458571
23192593
15690161
-29119275
-19602269
30661641
-28765376
-66427129
-42235261
31559784
75727169
-37268845
78435635
-2679355
-1
0
35442188
-35442188
-45499270
-11247115
72340575
-69850538
-23192593
21903238
-69890477
78401401
37268845
21903238
-31559784
4115099
39525237
15994097
66458571
-48830757
-48830757
26469803
-26418406
37268845
-62184122
-14300037
-13850157
-45499270
-24114810
-32991986
31559784
78435635
31559784
42795696
43450225
4115099
-37268845
-59215715
58847211
39525237
66458571
-42235261
33172544
62184122
-68522451
0
-47135396
-31255831
17080697
-29055622
-26469803
39374323
-27131374
-48102518
-52317368
-63663917
69850538
-1543382
-1
0
-76084848
-67333498
-38840477
32991986
78401401
-68522451
35442188
-65710821
-2958288
42235261
6454432
-28765376
-43450225
27131374
-20589327
-2958288
-60451688
-19602269
14526436
-70953973
-39617883
39525237
-23244563
9066649
22395088
-28765376
-60368594
-79231658
48102518
-18153941
-34158513
61059367
-1
0
2679355
-30661641
42832057
-77935321
-39374323
-10124181
19602269
-48900656
4115099
-48830757
-69890477
20094416
1543382
-1
0
-77935321
-33172544
-33013941
-32991986
72387538
-35442188
-1
0
-70953973
-68090916
42832057
-25084883
-42795696
6454432
-68822976
-11247115
-66458571
-11247115
-76976947
-18448218
-56512023
-70953973
10026297
31559784
-18448218
61059367
-1
0
29577765
-1811193
-69850538
22395088
-33013941
-44965376
-1
0
-48830757
-24114810
39617883
-20094416
-52317368
4115099
-39525237
52317368
-26469803
-78435635
-48830757
-36521472
-11247115
-12659057
-60368594
-60368594
23192593
39525237
-56512023
-66458571
-70953973
-76976947
-19602269
44346445
-11247115
-28765376
56896850
2679355
-14300037
-1
0
-35442188
38941852
-36046038
-11247115
26469803
-10124181
66458571
15690161
61059367
-6454432
60085930
-53929597
-19602269
53280975
-23977571
-1
0
-51615191
-7570201
68822976
-12800091
-1
0
-77935321
45382323
-67333498
53280975
-48830757
36521472
33736022
-10124181
-23244563
-31559784
39617883
-55273811
-31456757
-1
0
-23192593
-67333498
-1543382
22395088
39525237
-44965376
2679355
-59215715
-66427129
-59215715
29577765
-59215715
49199967
-20099553
17080697
37398665
2679355
-2958288
-62184122
-55273811
59215715
-37268845
66458571
37268845
-76976947
44346445
45382323
-23244563
-11247115
61059367
-28765376
-58847211
-38840477
-18448218
-1
0
-44965376
-21836490
-67333498
-32991986
75100167
-55273811
-79231658
-53319166
-12659057
-6454432
15690161
-53929597
-68090916
-11247115
-28765376
-59215715
-12800091
-63663917
-31255831
-39525237
15690161
-68822976
-75727169
-39525237
51615191
68522451
-55273811
31559784
64140523
-10124181
6454432
-55273811
45382323
-76976947
-65710821
-9066649
-57905293
15690161
23192593
-25084883
-66866742
44965376
-21903238
42832057
68822976
-53280975
42832057
72340575
23244563
37268845
-23244563
1811193
-66458571
58210939
39525237
66458571
-66427129
-21836490
-70953973
25084883
37398665
78435635
29055622
68090916
-79231658
-34158513
-11247115
-53929597
-20094416
-2958288
23977571
-60368594
-12800091
-39374323
39617883
-2958288
2679355
-68822976
56896850
37398665
38941852
2679355
-30595064
-32991986
45499270
62184122
24838563
26469803
-38941852
-51615191
-1634427
44346445
20124129
37398665
-59215715
38840477
-60368594
-1811193
-18153941
22395088
-52317368
47135396
38840477
10026297
-60368594
-23192593
-68090916
-11247115
-11247115
10026297
-22395088
-1
0
-31559784
24860641
76976947
-48830757
-69890477
-76084848
4115099
-51615191
-52317368
52317368
-1498680
-48830757
76976947
-75727169
6454432
2679355
-22998929
-43450225
12659057
53929597
-22395088
-36521472
-32991986
37398665
-57905293
42832057
53319166
1634427
38941852
30595064
23977571
-1
0
-29055622
53929597
53319166
-51615191
-68522451
-77935321
-60368594
-67333498
70953973
60451688
53929597
-55273811
-66866742
-18448218
4115099
22395088
19602269
-22998929
-56896850
31255831
22395088
68090916
-11247115
-55273811
-48900656
-20094416
-56896850
-53929597
-55273811
-63663917
-48830757
-2679355
2679355
-76084848
69850538
69850538
69850538
-34158513
-22998929
31255831
42832057
-47135396
-72340575
-66866742
23192593
31456757
42832057
-2958288
45382323
-75100167
29055622
78401401
20099553
-55273811
15690161
-23977571
-12659057
-68522451
-20589327
-10124181
53280975
-24114810
39374323
26418406
-45499270
-53280975
-68090916
20124129
-70953973
-33013941
-24114810
75100167
30661641
-69890477
-42795696
20589327
-48900656
17080697
24114810
63663917
-33172544
26469803
-29119275
14526436
-71326965
72387538
-29119275
-1634427
77935321
-55273811
71326965
-37268845
-24860641
-19193559
-31255831
-1543382
20589327
39525237
-36521472
33372766
-31559784
45499270
51722748
-51615191
-29119275
68822976
13850157
-79231658
-59215715
-72340575
-20099553
11247115
-24838563
31559784
12800091
-1
0
-60451688
22395088
7570201
-10026297
78401401
-68090916
-59215715
-29055622
-18153941
30661641
-24860641
42832057
-48900656
1811193
-51722748
-38941852
39525237
36521472
33372766
-69890477
37398665
-48830757
-28765376
53929597
-39617883
-56896850
10124181
2679355
-53280975
-70953973
-19602269
23192593
-45499270
-77935321
-10124181
33172544
53280975
-12659057
-70953973
33172544
22395088
-77935321
-48830757
18448218
-27131374
27131374
-33172544
61059367
20124129
22998929
67333498
-24114810
53319166
38840477
33172544
52317368
-72340575
61059367
-19602269
75100167
-44965376
44965376
-37268845
1543382
17080697
-36521472
-4115099
-75727169
39525237
36521472
-68522451
-12659057
-24838563
-70953973
66866742
58210939
-31255831
53280975
-60368594
17080697
-68090916
1543382
58210939
-20589327
71326965
-17080697
-23244563
-20094416
-27131374
-24114810
-1
0
-30661641
-70953973
-10026297
-72387538
-67333498
-59215715
-62184122
53164022
4115099
79248235
20099553
-1
0
66866742
-20099553
31559784
-23977571
66458571
31559784
-27131374
44346445
-19193559
-76976947
33736022
21836490
21836490
42832057
-20589327
-36521472
-21836490
-72340575
1543382
-34158513
-22395088
-76084848
-33172544
44965376
-23244563
-43450225
-66458571
-29577765
36046038
37398665
-35442188
23244563
-1
0
79554488
-71326965
-38941852
-77935321
-62184122
45382323
39525237
-2958288
44965376
-70953973
23192593
10026297
-22395088
-20589327
45382323
-11247115
-33736022
35442188
-1
0
-66427129
78435635
-52317368
44965376
-26469803
18448218
-39617883
-11247115
-12659057
-31559784
6454432
-27131374
-49199967
-1811193
33372766
60451688
64140523
-68822976
39374323
-57905293
-29119275
-79248235
1543382
-79231658
-58210939
39525237
-22998929
23192593
-63663917
-22998929
42235261
-1
0
-68522451
45382323
-27131374
15690161
79231658
-26469803
23192593
-27131374
20094416
-12800091
38941852
31456757
-42795696
-23977571
61059367
60085930
22395088
59215715
-20124129
23192593
29055622
75727169
4115099
45499270
-29119275
-12800091
61059367
-66458571
-60368594
45382323
-1
0
78435635
-71326965
-51722748
-35442188
-10124181
37398665
-6454432
-56512023
-58847211
-12800091
-33736022
-20094416
-72340575
30661641
-4115099
-21836490
-66427129
-1634427
43450225
-37268845
-72387538
19193559
39525237
37268845
-21836490
-62184122
63663917
75100167
76976947
1543382
21903238
56512023
51615191
-30661641
-10124181
14300037
42795696
53280975
14300037
56512023
42832057
-77935321
-77935321
-1
0
-48830757
24860641
-20094416
75727169
-48102518
1811193
-39374323
57905293
1634427
-52317368
-62184122
4115099
-44346445
-66866742
37398665
27131374
32991986
-58847211
56896850
-51615191
-31255831
78401401
-33172544
-55273811
-60451688
77935321
-66866742
24114810
29055622
-31255831
56512023
-75100167
-12800091
56512023
-72387538
-23977571
-56512023
52317368
-58847211
56896850
-39617883
70953973
51722748
57905293
66458571
19602269
51615191
30661641
-77935321
39374323
48830757
-25084883
27131374
26469803
31255831
-31255831
-7570201
-69890477
-29119275
-48900656
44346445
-10124181
-2958288
-47135396
32991986
75100167
-77935321
65710821
-68090916
-1811193
-34158513
-18153941
-27131374
23192593
71326965
-24114810
-12800091
1
75727169
37398665
29577765
56896850
68090916
-12800091
56896850
-33736022
-36046038
-33013941
-60368594
-48830757
22395088
31255831
18448218
-18153941
-22998929
-29119275
38840477
-27131374
-60368594
59215715
-23244563
-22998929
-22998929
19193559
21836490
52317368
-36046038
-6454432
-70953973
49199967
-69850538
-20094416
58847211
1634427
-75727169
-29577765
-24114810
-53319166
-78401401
-55273811
20099553
-24838563
-63663917
-53319166
26469803
-10124181
-2679355
-39525237
76976947
53319166
-12800091
22395088
20589327
-20589327
-29055622
47135396
-17080697
33736022
23244563
-60368594
-75727169
-66866742
-19602269
-27131374
-19602269
26418406
-37268845
-42235261
-56512023
37398665
-15994097
-12659057
-23977571
-76976947
-1
0
-53280975
-57905293
10026297
55273811
-53164022
47135396
-32991986
-77935321
-70953973
-14300037
75100167
-26469803
51615191
76976947
-33172544
-68822976
36521472
-60451688
-28765376
6454432
1634427
68522451
9066649
-51722748
-1543382
66458571
71326965
-4115099
-19193559
-48830757
-1
0
39525237
42235261
42832057
68822976
38840477
42832057
-23192593
30661641
-11247115
2958288
-75100167
51615191
48102518
-20094416
29577765
-29577765
-29055622
-1498680
53319166
-31255831
31559784
53929597
-70953973
47135396
-28765376
45382323
-21903238
37268845
-63663917
-60368594
-29577765
-19602269
-70953973
24860641
-68090916
-37398665
-60368594
-19602269
-24860641
33736022
1811193
71326965
-13850157
-33013941
60085930
-1634427
-79231658
69850538
10026297
29055622
-75100167
-1
0
18153941
-12659057
-11247115
34158513
2679355
59215715
-37398665
-11247115
56512023
-35442188
26469803
-77935321
29577765
29055622
19193559
-37268845
-56512023
-23244563
-20094416
26418406
-36521472
-67333498
39374323
-53929597
39525237
-69890477
23192593
69850538
-66427129
-37398665
-11247115
9066649
-66427129
-44346445
31559784
-29055622
75100167
32991986
36521472
-48830757
38941852
24838563
-13850157
4115099
-12659057
66458571
-39525237
-17080697
29119275
60451688
-69890477
-52317368
-23192593
-48830757
11247115
-71326965
9066649
-66458571
-69890477
-22998929
-1811193
-15690161
-60368594
-43450225
-32991986
-77935321
44346445
-15994097
66458571
-43450225
-4115099
-53929597
-25084883
-47135396
-1811193
-70953973
-60368594
-44965376
-32991986
27131374
-47135396
60451688
28765376
-55273811
-20589327
-53929597
38840477
-29119275
42832057
-57905293
-2679355
-1
0
1543382
-1543382
-72387538
-33013941
48102518
-49199967
-23977571
33736022
-39374323
44965376
-24838563
26418406
-28765376
23977571
-1634427
-60368594
39617883
78435635
2679355
2679355
-39374323
-1
0
-56896850
42235261
21836490
-19602269
52317368
-10026297
-29055622
4115099
42832057
-18153941
-14300037
-14300037
-56896850
17080697
-19602269
44965376
35442188
-11247115
-49199967
-28765376
27131374
-1811193
1543382
-36521472
-20589327
34158513
-27131374
-20094416
-11247115
15690161
-68090916
-18153941
-7570201
-23192593
37398665
63663917
-48830757
34158513
-66427129
-12800091
70953973
-17080697
36046038
65710821
-72387538
-42235261
12659057
26418406
-2958288
-48102518
31559784
53280975
-44346445
-1
0
12659057
78401401
-79248235
66427129
-29119275
-11247115
39374323
39525237
20589327
52317368
-36521472
66458571
39617883
20099553
-10124181
11247115
-39525237
-23977571
-51615191
-55273811
-77935321
35442188
-15690161
30595064
-29055622
77935321
-12800091
2679355
-53280975
-1543382
-70953973
-77935321
61059367
-72387538
-12800091
-60368594
-75727169
9066649
-33736022
61059367
-60368594
-37398665
1543382
-33736022
-39617883
76084848
-76084848
78435635
-66427129
66458571
-1
0
66866742
30661641
-19602269
61059367
39617883
58847211
10026297
-36046038
26469803
-1
0
-24838563
-53929597
-68090916
-1
0
-45382323
-4115099
-20094416
19193559
-29055622
-11247115
-12659057
35442188
-76976947
-59215715
-22998929
-51722748
60451688
29577765
-19602269
72387538
-56512023
42832057
66458571
57905293
21836490
-32991986
14526436
-6454432
-70953973
39525237
-57905293
-31255831
22395088
66458571
-30661641
-29577765
-1
0
29055622
-69850538
-66427129
-12659057
28765376
39374323
-56512023
-66458571
-25084883
-21836490
-20124129
-58847211
42832057
11247115
-22998929
-43450225
-24860641
-53929597
-28765376
-55273811
-33013941
-68822976
-23977571
51615191
-60085930
-53164022
-29055622
20124129
15994097
-17080697
-7570201
-79248235
48900656
-39525237
31456757
-63663917
-77935321
-75727169
4115099
-4115099
-59215715
-26418406
-25084883
29055622
-59215715
-32991986
20099553
35442188
-68822976
-2958288
72387538
48830757
38941852
-63663917
9066649
-1634427
-14526436
-31255831
44965376
-10026297
-72340575
-10026297
45499270
2958288
53164022
-56512023
31255831
-77935321
-11247115
9066649
-47135396
-27131374
4115099
-37268845
28765376
15994097
-75727169
-27131374
-39374323
-75727169
31255831
-38941852
-43450225
34158513
69850538
-75100167
27131374
-36521472
63663917
-76084848
55273811
51722748
-36521472
31456757
31255831
39374323
2958288
27131374
-21903238
1
-24114810
-33372766
-1543382
-47135396
-70953973
-26469803
33736022
-20099553
66458571
2679355
-30595064
-57905293
-31255831
-11247115
-79554488
-23977571
44346445
-26469803
9066649
43450225
-72387538
-2679355
21836490
-51722748
63663917
-70953973
-2958288
-79554488
-48900656
26469803
18448218
26469803
-20124129
-31255831
72387538
-22395088
-23192593
24838563
12659057
56512023
57905293
60085930
-75727169
-64140523
-37398665
71326965
25084883
-49199967
-37268845
-51615191
15690161
79554488
-1811193
1634427
-76976947
-42235261
39525237
-48102518
15690161
-4115099
-19602269
10124181
-71326965
68822976
-37268845
-53319166
-18448218
-42795696
67333498
33736022
-42235261
23244563
-33372766
75100167
22395088
22395088
19193559
53319166
33736022
68090916
-1
0
26469803
-42235261
-67333498
-42235261
-42235261
-47135396
19193559
-19602269
23192593
-79248235
60451688
27131374
-19602269
28765376
-75727169
-45382323
-29055622
-38941852
31559784
-53929597
-45382323
-22395088
-42832057
1634427
-57905293
24838563
-53319166
22395088
-20094416
24838563
-66427129
31255831
-1
0
-34158513
6454432
-20589327
75727169
-24860641
-21836490
-79231658
-33172544
75100167
-13850157
75100167
-29055622
-65710821
63663917
-39374323
31456757
-20099553
-76976947
-75100167
-34158513
-70953973
-11247115
9066649
-53929597
-47135396
20124129
-71326965
-59491912
-34158513
-21903238
4115099
53319166
-23244563
33736022
-42235261
33172544
66866742
29577765
60085930
-53319166
-22395088
61059367
-6454432
20099553
69850538
39617883
21836490
-1634427
-60368594
78401401
6454432
-37268845
42832057
-31559784
59215715
-2958288
56896850
-79248235
-27131374
60451688
21836490
18448218
48102518
-21836490
-14526436
38941852
-14526436
-58847211
-20099553
6454432
-33172544
-66427129
17080697
37398665
-53929597
-11247115
68090916
-42235261
29577765
-52317368
52317368
-79231658
-59215715
-34158513
57905293
6454432
-51615191
-10124181
-23244563
-38941852
30661641
-44965376
-59215715
-22998929
-20099553
60085930
22395088
-51615191
-18153941
56512023
30595064
31456757
-23244563
-22998929
-15994097
-12659057
-11247115
47135396
22395088
44965376
-19602269
-19602269
66458571
-39374323
-59215715
45499270
-20099553
21903238
24838563
65710821
15690161
51722748
-39525237
-20099553
61059367
72387538
-52317368
37398665
-48830757
-51722748
36521472
-28765376
60085930
-1
0
-48830757
45382323
-58847211
-20099553
66866742
-29055622
-24114810
-77935321
-64140523
-72387538
79248235
-39525237
-21903238
-56896850
10026297
53280975
-55273811
14300037
-1634427
52317368
-11247115
45499270
19193559
-13850157
42832057
-18153941
-23192593
-43450225
-7570201
37398665
27131374
42235261
-17080697
-9066649
-34158513
-53280975
58210939
-22395088
-57905293
-42235261
18448218
-1
0
37268845
-76084848
-37398665
-32991986
-33172544
42832057
71326965
-67333498
39525237
-30595064
-19193559
-48830757
23192593
15690161
6454432
-42795696
-11247115
51722748
-60368594
23244563
-18153941
30595064
23192593
-52317368
-48830757
-79231658
-23244563
-76084848
37398665
-72387538
61059367
-31255831
-1543382
62184122
-33172544
38941852
-24114810
-51615191
2958288
-52317368
76976947
-51615191
-56512023
78435635
-59215715
-19193559
-29577765
30661641
-55273811
-42235261
-31456757
37268845
-55273811
-20589327
-53929597
-68522451
-79248235
-60368594
-1811193
-61059367
68090916
-60085930
77935321
-29055622
78435635
44346445
33172544
-6454432
-10124181
-29577765
21836490
-34158513
-63663917
-26469803
-35442188
-76084848
70953973
-12800091
44965376
-72340575
-75100167
-62184122
36046038
78401401
-37398665
31559784
-56896850
-26418406
78435635
-23192593
29577765
66427129
-56512023
-38840477
51722748
-29577765
-2958288
17080697
-66458571
-69890477
-76084848
53319166
-42235261
2958288
-55273811
68090916
-31456757
37268845
-66427129
-12800091
24838563
-75727169
-67333498
78401401
22395088
71326965
15690161
-45382323
-56512023
-47135396
-22998929
-22395088
-68822976
-31255831
-10124181
60368594
-23977571
-56512023
-23244563
-20094416
23192593
-29119275
45382323
-33172544
-1634427
-2958288
56896850
-58847211
-26469803
6454432
-24838563
39525237
-76084848
-27131374
-29577765
60085930
-17080697
-19602269
-26469803
39374323
-27131374
69890477
23977571
45499270
63663917
-31255831
62184122
-67333498
37268845
56896850
-39617883
60085930
-58847211
76084848
64140523
-24838563
-27131374
4115099
-51615191
-21903238
-21836490
-31255831
-21903238
-18448218
-72387538
2679355
42235261
-21836490
-39617883
-52317368
76084848
76084848
-58847211
47135396
79231658
-76084848
-42235261
61059367
-79554488
-29577765
-49199967
-39374323
-44965376
34158513
-44965376
1811193
-18448218
22395088
-55273811
72387538
-76976947
2679355
-22998929
-66458571
-30661641
1498680
36521472
-77935321
-12800091
-18448218
61059367
-79231658
68822976
33172544
2679355
-2679355
-38840477
2958288
-23244563
30595064
-19602269
61059367
-4115099
23192593
-58847211
-20589327
37268845
2679355
-20124129
-59215715
-10124181
-4115099
-72387538
-53319166
38840477
-29119275
-20099553
-42832057
-76976947
-19193559
69850538
62184122
-19193559
-66427129
20589327
-60085930
-23192593
-60368594
-65710821
-72387538
-18448218
53929597
-10124181
70953973
-72387538
56896850
35442188
29119275
79554488
-79248235
-79554488
39525237
-76976947
-63663917
70953973
-1
0
-14300037
-11247115
-75727169
-69890477
68822976
66427129
-10124181
78401401
61059367
-45382323
-23244563
1634427
26418406
-36521472
48102518
59215715
-1
0
30595064
-18448218
-33736022
-44965376
-76084848
75727169
72340575
-32991986
31559784
30595064
-32991986
-18153941
15690161
44346445
56896850
38941852
-1498680
-12800091
76976947
26469803
-2958288
31456757
-19602269
34158513
-53929597
-51722748
78401401
-6454432
53929597
-1
0
1543382
-31255831
53319166
-1
0
-44965376
-37268845
-43450225
15690161
79231658
-65710821
-9066649
-22395088
-1811193
-75727169
65710821
20099553
33372766
30595064
-29577765
-15994097
-7570201
-36521472
-71326965
-21903238
-9066649
-62184122
-12800091
-29119275
-11247115
34158513
-66458571
-11247115
-48900656
-45382323
42832057
51722748
-79248235
37398665
-19602269
-22998929
-39617883
-66458571
-48830757
-1
0
-56896850
42832057
-45499270
33013941
-76976947
-14300037
-11247115
-22395088
-21836490
-55273811
-7570201
-29577765
-70953973
-36046038
-53319166
39374323
-20124129
-45382323
-17080697
-39374323
44346445
-42795696
-62184122
53929597
42832057
-36046038
12659057
-1
0
-2958288
4115099
-22998929
14526436
27131374
-9066649
-1
0
58847211
59215715
-11247115
-68822976
-6454432
33013941
-79248235
58210939
-20124129
-36521472
-60368594
53319166
42832057
-23192593
30661641
-37398665
-25084883
6454432
-44346445
-66427129
-48830757
1543382
14526436
-18448218
-76084848
-48102518
39525237
0
34158513
68822976
-2958288
56896850
-1634427
-19602269
6454432
-60368594
-12659057
69850538
13850157
-30661641
1543382
69890477
-21836490
-38941852
2679355
-34158513
6454432
-53319166
78401401
42235261
79231658
37398665
48900656
-79231658
39617883
37268845
-1
0
-56896850
-27131374
-29577765
60085930
-70953973
-38941852
39525237
-44965376
-31255831
-33736022
-1634427
-23977571
-72387538
79248235
33013941
-52317368
21836490
62184122
6454432
-66458571
-77935321
66458571
-75100167
-21836490
39525237
-48900656
39525237
-42235261
4115099
2679355
66458571
-75100167
-72387538
79248235
1811193
-1
0
53929597
-29055622
61059367
-1634427
-60368594
78401401
43450225
-52317368
-63663917
-56896850
-21836490
68822976
75100167
-60451688
-30595064
20094416
-35442188
57905293
-38941852
48900656
42795696
79248235
-60368594
78401401
53929597
-19602269
-48830757
-20094416
22998929
-25084883
69850538
59215715
-26469803
14300037
-12800091
22395088
-72340575
-53319166
26418406
-55273811
-77935321
-29577765
15690161
27131374
31255831
-21903238
-28765376
-42235261
-48102518
-36521472
66458571
22395088
68522451
-59215715
39374323
-1
0
-2958288
68822976
6454432
20099553
-55273811
-71326965
-2958288
-33013941
-12659057
-11247115
30595064
-26418406
-32991986
-1811193
-10124181
-29119275
-1498680
75727169
10026297
19193559
-55273811
28765376
-60368594
39525237
-12800091
53319166
-12800091
56512023
-53929597
-12800091
-42795696
-1
0
70953973
-32991986
-66866742
-48900656
60451688
29577765
38840477
-33736022
1811193
60085930
22395088
72387538
-53319166
-39374323
22395088
-19193559
30661641
24114810
-53319166
39617883
-11247115
-76976947
45382323
-23192593
-19193559
12800091
42832057
53164022
-69890477
-20094416
33013941
-10124181
-25084883
39374323
-57905293
-60368594
-45382323
56896850
-36521472
-19602269
-45499270
31559784
24838563
-35442188
-21903238
-72387538
61059367
-76976947
-21836490
-33372766
-34158513
-52317368
29577765
-53280975
23977571
49199967
-19602269
34158513
69890477
10026297
-26418406
-29119275
56512023
-52317368
58210939
2679355
33372766
-48830757
-37398665
21903238
-1
0
-76976947
-20124129
39617883
-65710821
45382323
-66427129
-69890477
-79231658
-53319166
-57905293
-19602269
-12659057
36046038
23244563
-76976947
-1
0
-53280975
-33736022
-12659057
30661641
-59215715
-29055622
70953973
-45382323
18153941
-70953973
37268845
-21836490
26418406
-9066649
23192593
79554488
-29119275
-19602269
23192593
78435635
45382323
69850538
-34158513
68090916
-69890477
-37268845
-42795696
26469803
-60368594
31559784
15994097
-31255831
57905293
66458571
-76084848
24860641
-33372766
-71326965
37268845
-7570201
-37268845
-30661641
-66866742
49199967
-21836490
39374323
-29055622
-11247115
-45382323
-56512023
-6454432
-19193559
-20099553
53319166
68522451
-79231658
36521472
-69850538
22395088
19602269
33736022
17080697
39374323
21836490
-33372766
-76976947
68522451
-20589327
-21836490
42795696
51615191
33172544
-24838563
78435635
-20589327
4115099
51615191
-32991986
36521472
-72387538
-79248235
-2958288
78401401
17080697
-29055622
52317368
-52317368
-33372766
30661641
-19193559
-42832057
-39374323
-36521472
-20589327
-58847211
47135396
58210939
6454432
-7570201
49199967
60451688
-20094416
-48900656
-22395088
-20094416
-37268845
33372766
-63663917
42832057
-58847211
-39374323
-61059367
61059367
66458571
61059367
-2958288
66458571
-39525237
-37268845
-48900656
37268845
-30661641
-29055622
78435635
27131374
-70953973
-19193559
-36521472
48102518
59215715
-53280975
-60368594
-12800091
-45382323
-48102518
-29055622
-47135396
-66866742
42832057
15690161
58210939
2679355
-64140523
-1
0
-45499270
-27131374
27131374
26469803
38840477
32991986
-26469803
70953973
-11247115
-24838563
-26418406
-27131374
-33372766
31456757
33372766
37398665
-72387538
15994097
-21903238
-28765376
-70953973
-19193559
42832057
-70953973
-37268845
-42235261
-19193559
-22998929
-56512023
13850157
-12659057
-60368594
-12659057
-1
0
29577765
-59215715
68822976
12659057
22998929
-60368594
-21903238
56896850
66866742
-45499270
-24114810
-20589327
75100167
-37398665
-60368594
-59215715
-60368594
45382323
42832057
51615191
-75727169
-36521472
64140523
38941852
-13850157
20099553
38840477
-19602269
-25084883
79231658
-60368594
-44965376
47135396
-32991986
-52317368
-11247115
-12659057
-60368594
57905293
10026297
-1
0
-11247115
12659057
9066649
79554488
55273811
-19193559
-60368594
-69890477
22395088
-67333498
-67333498
-12659057
42832057
28765376
68090916
68090916
31559784
30595064
-29055622
42832057
-77935321
-77935321
-75100167
-1
0
1
-33013941
-53280975
21903238
-39617883
-38941852
-21836490
-59215715
-34158513
66458571
-18153941
60451688
-77935321
-64140523
-1
0
-56896850
-70953973
-20094416
-48830757
-79248235
1811193
-71326965
-39525237
-26469803
61059367
-19602269
48900656
34158513
-30661641
-12659057
-60368594
78401401
57905293
-1543382
-70953973
-20094416
-20124129
-32991986
-17080697
-10124181
-17080697
45499270
-18153941
-79248235
28765376
79248235
20099553
71326965
-58847211
71326965
-36046038
60085930
2679355
33736022
-1634427
-19602269
39374323
67333498
36046038
60451688
-77935321
-58847211
30661641
-36521472
-71326965
-20094416
-38941852
-1
0
37268845
-48102518
-42235261
26469803
-32991986
-2679355
-14526436
-58847211
29055622
70953973
-1
0
-44346445
-21836490
-68090916
60451688
61059367
39525237
-69890477
-1
0
56512023
-7570201
-1
0
-26469803
-51615191
-30595064
-32991986
27131374
-42235261
33013941
-11247115
-45382323
-35442188
-34158513
-19193559
24838563
14300037
-12800091
53929597
-18153941
-29055622
30595064
-76976947
-71326965
-34158513
-32991986
-35442188
42795696
68090916
-69890477
-75727169
-42795696
44346445
-26469803
31559784
-79248235
48102518
38840477
-33372766
68090916
-13850157
15690161
-45382323
-9066649
-20099553
22998929
-2958288
78401401
-30595064
-19602269
30661641
-78435635
61059367
-1
0
-72387538
78435635
-42795696
-60368594
44965376
-27131374
37268845
-29055622
37398665
-33736022
-12800091
42832057
42832057
29577765
53319166
-10124181
79231658
-42795696
-25084883
-60085930
-60368594
68522451
56896850
6454432
26469803
-44965376
33736022
-56512023
-36521472
-12800091
-1
0
-48830757
33013941
-18153941
-26469803
78435635
48102518
-1634427
45499270
-60451688
-69850538
-12800091
60451688
61059367
-22998929
-62184122
-4115099
-65710821
42832057
-36521472
-26469803
1811193
48900656
-19602269
18153941
60451688
19602269
-29055622
78435635
44346445
-10124181
-49199967
-44965376
34158513
22998929
-70953973
-53280975
-60368594
-76976947
-11247115
-43450225
-36521472
-62184122
30661641
-23244563
52317368
-79231658
45382323
-32991986
-69890477
-11247115
37268845
-66866742
52317368
-69890477
12659057
22998929
-19193559
45382323
42832057
-28765376
29055622
-11247115
51722748
57905293
-66427129
-76976947
-35442188
-22998929
61059367
-1
0
-66427129
-4115099
-30595064
-22998929
42795696
47135396
-75100167
44965376
-25084883
-31559784
43450225
69850538
-21836490
-57905293
42832057
37268845
-60368594
-9066649
-39617883
-34158513
17080697
-37268845
-76976947
1543382
-35442188
-75100167
-1
0
-66458571
32991986
4115099
23192593
-25084883
-48900656
27131374
-70953973
-67333498
75727169
72387538
-48830757
-1
0
79554488
-71326965
38941852
48102518
-79554488
75100167
-20589327
-27131374
29577765
-79554488
-24838563
-30661641
-63663917
23192593
27131374
-61059367
-1
0
38840477
-60368594
-33736022
-11247115
12659057
51722748
-20589327
42832057
66458571
57905293
1543382
-48830757
-1
0
30595064
42832057
-63663917
21836490
-24838563
-62184122
33013941
53280975
53280975
-71326965
66427129
-23977571
17080697
-76976947
-1634427
-52317368
60451688
-65710821
-60368594
-29119275
-1
0
20589327
-63663917
-77935321
-1634427
-66866742
-48900656
53280975
-12659057
-42235261
33172544
-12800091
-68822976
20099553
-37398665
31255831
-66458571
-49199967
-58847211
48900656
20094416
32991986
-20094416
-48900656
12800091
-4115099
42795696
34158513
62184122
-4115099
-29577765
-58210939
20589327
-14300037
48102518
-58847211
-10124181
17080697
31255831
56512023
-13850157
-30595064
-31456757
-60085930
45499270
-26469803
51722748
-48900656
1634427
42832057
-72340575
20124129
39374323
-48102518
-72340575
-20099553
26469803
-24838563
68090916
78435635
-68522451
-37268845
-27131374
-22998929
-21903238
22395088
-23192593
10026297
71326965
-24860641
-15690161
-1634427
-59215715
-23977571
1634427
-36046038
-56512023
-35442188
-53164022
-30661641
75100167
15690161
24114810
-39374323
27131374
-24860641
-75100167
-76976947
-35442188
-29119275
-76084848
38840477
-1
0
-45499270
-53929597
-60368594
35442188
-1
0
33736022
-28765376
42832057
-24860641
-1
0
56896850
-47135396
-75727169
6454432
68822976
-37268845
-66458571
-22395088
52317368
-51722748
-29119275
-1
0
-23192593
53929597
20589327
-36521472
10026297
31456757
-69850538
22395088
-68522451
-1
0
-23192593
39525237
-36521472
12659057
-1
0
-51615191
-27131374
33372766
1811193
22395088
-34158513
1634427
-26418406
-1
0
-42235261
-12659057
-1
0
42795696
-72387538
26469803
-20124129
-9066649
44346445
-36046038
30661641
-11247115
-53929597
-68522451
56896850
53164022
-36521472
-59215715
70953973
-1
0
6454432
68522451
72387538
-11247115
-58847211
-23244563
-20094416
-18153941
45382323
-34158513
23192593
-47135396
-63663917
-77935321
-75727169
42832057
51615191
-1
0
30595064
-59215715
-59215715
69850538
79554488
21903238
70953973
-75100167
-66427129
-10026297
33372766
70953973
-12800091
32991986
-55273811
-36521472
2679355
-76976947
-45499270
-20094416
-1
0
-12800091
-29055622
-11247115
-69850538
69890477
37268845
-20589327
44965376
-44965376
-35442188
-51615191
-19193559
-1
0
-23244563
39617883
-60368594
63663917
-68822976
-18448218
-1
0
43450225
-12800091
42832057
-53280975
-59215715
-69890477
-48830757
-20094416
-21836490
13850157
-12800091
14526436
42832057
-48830757
-55273811
-63663917
58847211
44346445
68090916
-69890477
-25084883
79231658
-20094416
39525237
-69890477
76976947
0
37268845
-29577765
36521472
-69890477
30661641
-36521472
31456757
-1
0
-42832057
69850538
68822976
-15690161
39525237
72387538
-21903238
-35442188
4115099
-42795696
-51615191
44965376
-11247115
14300037
-68822976
61059367
22395088
51615191
19193559
48830757
60451688
-60368594
10026297
-9066649
37398665
-79248235
-1
0
1
45382323
-75727169
37398665
-47135396
37268845
-6454432
-59215715
37268845
10124181
31559784
-29055622
-38941852
-77935321
-72340575
17080697
-70953973
-69890477
-10124181
31559784
-44346445
66458571
-33736022
-1
0
-18153941
-14526436
-14300037
58210939
-78435635
-1
0
-51615191
6454432
39374323
23977571
1543382
-79554488
-75100167
-48830757
39617883
20124129
-51615191
-66427129
-21836490
76084848
75727169
79554488
23192593
-60085930
13850157
42832057
-71326965
-60451688
-44346445
-63663917
-78401401
62184122
-53319166
24838563
-44346445
-45382323
-10124181
18448218
-42795696
22395088
-24114810
-48830757
-36521472
-78401401
56896850
48830757
-11247115
-53929597
14300037
-66458571
-1
0
43450225
75100167
-1
0
1
-21836490
39374323
9066649
-29119275
-56512023
4115099
-45499270
-60451688
-36521472
-48830757
17080697
-47135396
15690161
-31456757
-36521472
12800091
-17080697
49199967
-1634427
-24114810
-27131374
-53280975
38941852
45499270
-48900656
-17080697
-56512023
-9066649
-20099553
75100167
-48830757
-1
0
43450225
-12800091
56896850
-53929597
-28765376
77935321
-77935321
-23244563
68822976
2679355
-18153941
-1811193
18153941
-53280975
31559784
51722748
-37268845
2679355
-26469803
27131374
-70953973
20589327
-7570201
-42235261
-1634427
-70953973
0
-31255831
23192593
-21836490
-51615191
-26469803
29577765
37268845
-48830757
-23977571
-59491912
-1
0
-21836490
-78435635
-19602269
-1
0
-26469803
6454432
-7570201
-76084848
-1
0
60368594
21903238
-60368594
-29055622
28765376
-20589327
30595064
21836490
-20589327
1811193
33372766
-26418406
-22998929
-43450225
22395088
-66866742
42832057
-53280975
-38840477
33172544
1811193
-68522451
-36521472
-23192593
-57905293
67333498
-66866742
60085930
35442188
-77935321
-30661641
42832057
-60451688
24838563
57905293
-33736022
15690161
-53929597
34158513
-20099553
-43450225
-20124129
-1
0
1634427
-53280975
-68090916
76976947
-47135396
-72340575
-60368594
6454432
-19602269
30595064
-31255831
1543382
-45499270
-60085930
-1
0
51722748
39617883
-60085930
-1
0
12800091
58210939
-19602269
-68822976
-58847211
39617883
-14300037
-10124181
-29577765
18153941
-78435635
-20094416
-53319166
79554488
61059367
-24114810
-76976947
56512023
-77935321
-20099553
-19602269
-6454432
53280975
-1
0
59215715
37268845
-42235261
34158513
42832057
68522451
1811193
60085930
48900656
72387538
-53319166
4115099
44346445
-36521472
4115099
-60368594
-14300037
32991986
10026297
-42795696
-63663917
-45499270
-28765376
44346445
-76084848
42832057
-53280975
-66427129
-61059367
-1
0
10026297
-72387538
27131374
-56512023
-38840477
45382323
31255831
33172544
-57905293
-15690161
-1634427
-45499270
11247115
-53280975
48900656
-1
0
9066649
-1
0
53319166
57905293
1634427
33172544
-53319166
-38840477
78435635
28765376
-1
0
-76976947
-39374323
33013941
-2958288
31255831
31456757
-25084883
-78435635
45382323
29577765
-31255831
-18153941
31559784
-45499270
21903238
39525237
64140523
-71326965
-24860641
-28765376
57905293
-38941852
-42235261
2958288
-10124181
-66427129
-23244563
-68090916
-20099553
-44346445
-1811193
-12800091
2679355
-22998929
-72387538
-24860641
-1
0
-20094416
-27131374
60085930
22395088
-62184122
60451688
2679355
-18448218
-23244563
10026297
-69890477
-23192593
-39374323
-12800091
2679355
-53280975
-49199967
72387538
-28765376
-19602269
2679355
-44965376
-33013941
-4115099
79248235
29119275
-65710821
-38941852
62184122
-29055622
60451688
33736022
-12659057
-26469803
6454432
-20124129
-29577765
-45382323
7570201
-68522451
34158513
-60368594
-42235261
-79248235
-37398665
4115099
-57905293
51615191
68090916
-69890477
-53280975
-66866742
-18448218
38840477
45499270
-37268845
22395088
-67333498
-59215715
-71326965
20589327
-60368594
2958288
-20099553
1634427
51722748
-2958288
-70953973
-67333498
26418406
-27131374
-11247115
68090916
-31559784
-34158513
42832057
-23192593
56896850
-51615191
-59491912
-39525237
-51722748
11247115
2679355
1498680
-55273811
-39525237
4115099
-42832057
21903238
-24860641
19602269
72340575
-55273811
-56512023
-11247115
-37268845
-78435635
4115099
39617883
-34158513
21836490
-58847211
-62184122
-64140523
56896850
-48830757
-49199967
-39374323
-63663917
39374323
-58847211
22395088
-10124181
-2958288
-1811193
-12800091
-78435635
45499270
-60368594
-79248235
37398665
30595064
-37268845
42832057
-30595064
-63663917
56512023
7570201
37398665
-38941852
-34158513
22395088
-66866742
-75727169
-53280975
-58210939
-4115099
-58210939
4115099
-56512023
-24838563
33172544
78435635
-53929597
-51722748
23192593
1543382
77935321
62184122
56512023
62184122
-20589327
23192593
-63663917
-76976947
37398665
-68522451
-1
0
-23192593
1634427
17080697
-32991986
-53319166
-53319166
56896850
-9066649
-31255831
-33013941
-51722748
18153941
-76084848
-39374323
56896850
-62184122
26418406
4115099
-76084848
-33013941
72387538
-2958288
53164022
-30661641
-12800091
-4115099
-75727169
-76976947
-58210939
66427129
36046038
-1811193
-66427129
45499270
30661641
-26418406
30661641
2679355
-24114810
-77935321
-75727169
42832057
42832057
-53280975
42832057
-47135396
-21836490
33172544
23244563
-47135396
2679355
66458571
-53319166
33372766
60451688
-44965376
-28765376
-25084883
-67333498
-70953973
-58847211
-68090916
2679355
-44965376
45382323
-15994097
-2958288
-70953973
66458571
-11247115
-48830757
-69890477
-68822976
-1
0
-63663917
1634427
-59215715
-19193559
-1
0
17080697
-48900656
79554488
-29119275
-19602269
23192593
-53929597
-69890477
-70953973
-77935321
-1
0
-77935321
53280975
-59215715
-71326965
-12659057
6454432
77935321
-76084848
-12800091
-12659057
-26418406
-1
0
-1543382
-36521472
38941852
30595064
-77935321
-20094416
-75727169
-53319166
-66458571
42832057
-12800091
-23244563
-60368594
17080697
-27131374
67333498
2679355
-10124181
-61059367
1634427
55273811
-44965376
10026297
-38941852
42832057
-67333498
-53319166
79554488
-59215715
20589327
22395088
-1
0
66458571
42832057
-20099553
48102518
-20589327
18448218
34158513
-45382323
-1
0
-45499270
-24114810
2679355
-59215715
-76976947
2679355
-63663917
-1
0
11247115
44965376
-19602269
23192593
-30661641
-39617883
23192593
-1
0
-69890477
68090916
-28765376
-67333498
-53319166
2958288
49199967
68090916
72340575
72340575
-63663917
-20589327
35442188
-77935321
-59215715
-76976947
-59215715
-27131374
-23192593
24114810
42832057
24838563
39617883
-25084883
29055622
1543382
34158513
66427129
39525237
-24114810
-77935321
56512023
39525237
-67333498
-60368594
61059367
-66458571
-60368594
-1
0
-19602269
-48900656
-4115099
38840477
68522451
-63663917
-32991986
2679355
-29119275
-68522451
-6454432
-53280975
60368594
-23977571
-21836490
39525237
-69890477
68090916
-51722748
-1
0
21903238
20589327
-51615191
-60368594
31559784
-1811193
-19602269
-70953973
-55273811
23244563
-60368594
9066649
-29055622
-11247115
-79554488
58210939
-42795696
37398665
-55273811
-43450225
-20094416
72387538
44965376
24860641
21836490
-32991986
13850157
-66866742
28765376
-59215715
-20589327
35442188
-23244563
66866742
-1
0
-76084848
71326965
-29119275
-59215715
71326965
60451688
48102518
60451688
79231658
-65710821
-7570201
-27131374
42235261
-13850157
37398665
-19193559
64140523
36521472
-19193559
42832057
-2958288
33736022
-56896850
-20099553
-23192593
-65710821
43450225
-42832057
-1
0
10124181
-77935321
-2679355
30661641
36521472
-22998929
-53319166
30661641
-37398665
2679355
-2958288
62184122
1543382
-68090916
22998929
-19602269
62184122
-34158513
64140523
-77935321
-69890477
71326965
60085930
33736022
-79231658
1811193
30595064
45499270
-67333498
33736022
24114810
2679355
15690161
-23977571
1634427
-66458571
-26469803
-23244563
-69850538
34158513
-18448218
60085930
30661641
-2679355
-20094416
-53164022
-1
0
-23192593
-45382323
-39617883
-28765376
-42795696
56896850
-12800091
-70953973
69890477
60085930
-63663917
42795696
66427129
-56512023
20094416
-39617883
-1
0
42235261
44346445
-36521472
-56512023
-27131374
-71326965
2679355
-53929597
-1543382
1811193
42832057
-2679355
-10124181
44965376
-1
0
-53319166
45382323
-60451688
20099553
-58847211
-42235261
-22395088
10026297
11247115
-68090916
20124129
-6454432
-31255831
-20589327
-76084848
-38941852
72387538
24838563
-71326965
68822976
-64140523
-53929597
-78435635
-19602269
-66866742
-59215715
-29577765
-1
0
60451688
-1
0
-76084848
23192593
76084848
14526436
43450225
-45382323
26469803
-49199967
-35442188
-23977571
-59215715
56512023
79231658
-53164022
-69890477
-42795696
-29577765
-32991986
-26418406
-19193559
-32991986
-21836490
-10124181
53319166
10124181
4115099
-9066649
52317368
76976947
-10124181
-70953973
-19602269
39374323
-29119275
-24114810
6454432
-59215715
-64140523
-42235261
62184122
-55273811
61059367
-68822976
-60368594
-29055622
-68522451
69850538
51722748
-60451688
-48830757
22395088
-66427129
30661641
-58847211
56896850
-79248235
-35442188
-29055622
-18153941
-29055622
37398665
-68522451
-36521472
23977571
-1
0
-32991986
45382323
-34158513
-57905293
39617883
15690161
-45382323
-23244563
-20094416
23192593
61059367
-48830757
-69890477
69850538
36521472
79554488
30661641
76976947
-10124181
-66458571
-55273811
-12800091
37398665
66427129
-56512023
1634427
-39617883
-1634427
-11247115
6454432
-28765376
-48900656
-42235261
1
-59215715
-10026297
-76976947
35442188
-75100167
-12800091
22395088
60451688
-36046038
2679355
-2958288
17080697
-19602269
-2679355
29055622
77935321
-75100167
-47135396
-77935321
66866742
60451688
36046038
-55273811
-77935321
-78435635
37398665
-35442188
-12659057
-23244563
36046038
-59215715
-71326965
-47135396
39617883
10026297
-53929597
-60451688
18153941
75100167
-29119275
-26469803
-9066649
-18448218
76976947
69850538
-76976947
77935321
-75100167
-1
0
-56896850
23192593
-67333498
75100167
-72340575
-59215715
12659057
42832057
76976947
-60368594
-1
0
-24114810
6454432
-53929597
53164022
6454432
-12659057
-75727169
39617883
-34158513
12659057
-9066649
-12659057
-60368594
-45382323
-20094416
-48830757
-1
0
-72387538
-48900656
-29055622
1634427
-22395088
24860641
-45499270
-20589327
52317368
-34158513
42832057
-48830757
63663917
-78401401
-68522451
-72387538
-1634427
1811193
-55273811
69850538
-30661641
-1811193
1634427
-60368594
31456757
2679355
-64140523
-1
0
-53319166
-30661641
60451688
-67333498
-48830757
34158513
42795696
35442188
-69850538
-23977571
61059367
21903238
-60085930
-69850538
56896850
-38840477
33172544
-29055622
24838563
-39374323
-62184122
31255831
-53164022
-14300037
-76976947
-21903238
32991986
29577765
20099553
58210939
-4115099
45382323
-12800091
-69890477
53280975
4115099
56896850
45499270
1498680
23192593
-38840477
48900656
-24114810
-27131374
-53280975
31559784
27131374
-63663917
53280975
42235261
70953973
-31456757
-60085930
-34158513
57905293
9066649
-56896850
-21836490
31559784
-14300037
15690161
77935321
-1
0
-26418406
-21836490
-12659057
-32991986
31255831
-60085930
4115099
-44346445
-31559784
-20124129
-68522451
-22395088
-79231658
-72340575
-51615191
-19602269
24838563
-45382323
53319166
42235261
14300037
-45382323
-32991986
-72387538
60451688
-15994097
42235261
7570201
24114810
1
-69890477
65710821
-20094416
-26418406
-11247115
-12659057
-11247115
30661641
-22395088
-9066649
-1
0
-47135396
-45382323
33013941
44965376
-56512023
42832057
-32991986
42832057
-33013941
-72387538
78401401
-58210939
-1
0
53929597
-1
0
-45382323
-1
0
-69890477
71326965
31456757
39374323
66458571
68090916
-28765376
-52317368
-1
0
-66427129
72387538
-1
0
36521472
-19602269
-31255831
1543382
-1634427
-15994097
39617883
-12800091
-9066649
-66427129
-1
0
-45382323
71326965
38840477
-26469803
42832057
66458571
-66427129
-12800091
60451688
-25084883
31559784
20094416
-59215715
-63663917
7570201
-11247115
-39374323
-12659057
34158513
-37398665
-26469803
2679355
-58847211
-77935321
-60368594
-61059367
48900656
21836490
-42235261
29055622
10026297
-29055622
-60368594
-33736022
-20094416
39525237
-35442188
-76976947
2679355
78435635
-20094416
-20124129
-66427129
11247115
23192593
-65710821
-12659057
34158513
-75100167
-11247115
-48830757
-69890477
-51615191
79248235
-20094416
78435635
37268845
-48830757
72387538
-12659057
-11247115
31456757
-77935321
-71326965
-28765376
-30595064
-21836490
39374323
-32991986
-77935321
-76976947
-56512023
39525237
-11247115
-13850157
-21836490
24838563
-1
0
-56512023
6454432
2679355
-52317368
21903238
-17080697
39617883
24860641
-60368594
17080697
-24860641
60451688
-12659057
39374323
-11247115
-26469803
-21836490
-28765376
47135396
9066649
-53319166
39617883
-52317368
38840477
64140523
-1
0
-60451688
-34158513
31255831
-26418406
-58847211
42832057
-67333498
22998929
-69890477
-20589327
-18448218
37398665
61059367
44965376
-4115099
-1
0
29055622
21836490
-61059367
10026297
37398665
-48900656
-2958288
-43450225
45382323
-29577765
37398665
-60368594
-78401401
52317368
-69890477
-60085930
51722748
64140523
-42795696
-1
0
51615191
6454432
56896850
-32991986
-14526436
39525237
52317368
60451688
58210939
60451688
53929597
-19602269
75100167
60085930
24838563
-79248235
68090916
-23244563
-78401401
-1543382
68822976
9066649
-60451688
-18153941
22395088
-55273811
21903238
48900656
-19602269
-59215715
-66458571
-60368594
-43450225
33172544
-32991986
-36046038
48102518
-45499270
39617883
39525237
-51722748
-23192593
-24114810
39525237
68822976
-53164022
-20124129
-11247115
-21903238
-45382323
60085930
-77935321
-26469803
-22395088
-1543382
-51722748
51722748
-65710821
13850157
-45382323
35442188
1811193
66458571
-60451688
-57905293
-23977571
75100167
-55273811
37398665
56896850
-28765376
-58847211
-10124181
78401401
-47135396
52317368
76976947
-10124181
-77935321
7570201
-21903238
-59215715
-29119275
-38840477
-31559784
22395088
-1
0
51615191
-18153941
69850538
-1
0
-26418406
-21836490
-67333498
44346445
-42795696
69890477
-51615191
-1
0
20094416
44965376
-29577765
42832057
25084883
-44965376
-1
0
-48830757
18448218
33172544
33372766
-1
0
-12800091
53280975
6454432
-68522451
-23192593
58847211
48830757
-69890477
-32991986
72340575
31255831
44346445
-2958288
10026297
20099553
-37398665
45499270
-57905293
-19602269
-76084848
30595064
-69890477
-59215715
-33172544
72340575
-53164022
-11247115
-33736022
-26469803
-48102518
-44346445
-39525237
-51615191
42795696
-1
0
37268845
-1
0
-32991986
2958288
37268845
-4115099
-69850538
-1
0
-31559784
57905293
-65710821
76976947
27131374
31255831
-1
0
-56896850
-60368594
39617883
-66458571
51615191
-60368594
-69890477
-28765376
-48900656
-29577765
2679355
-69890477
23192593
-48830757
-37398665
21836490
14526436
62184122
29119275
24860641
-24114810
52317368
1
-28765376
20099553
-1634427
57905293
-66427129
-1
0
18448218
18448218
-39374323
60085930
-53319166
39525237
-36521472
-26469803
39617883
55273811
-76084848
31559784
63663917
-35442188
-44346445
20124129
60451688
-76084848
44965376
-42235261
7570201
-48102518
-10124181
-6454432
52317368
-44965376
-59215715
15690161
-60368594
-18153941
-30661641
33172544
70953973
79248235
-22998929
-77935321
-10124181
53929597
-71326965
79248235
1811193
-10124181
-1634427
23192593
-48900656
60085930
19193559
2679355
75727169
27131374
27131374
1811193
-10124181
-78401401
-11247115
-57905293
-1
0
29055622
-69850538
-36521472
48900656
-29119275
29577765
66458571
-60368594
24860641
15690161
-45382323
-29119275
-14526436
-76976947
-69850538
42795696
22395088
-45499270
-70953973
-76084848
-77935321
-71326965
-21836490
-2679355
26469803
33013941
-1
0
53929597
-76976947
-35442188
-75727169
12659057
-9066649
-34158513
-2958288
-12659057
56896850
-29055622
-79554488
45499270
-44346445
-27131374
60085930
-1634427
-33172544
-66427129
68822976
31559784
60451688
23192593
-9066649
33172544
-47135396
-4115099
23192593
-48830757
17080697
-79248235
-35442188
17080697
45499270
12800091
33736022
30595064
-1634427
-58210939
-33013941
68822976
-72340575
-78401401
-20589327
-21836490
39617883
-75727169
48102518
-22998929
-66427129
-20589327
31456757
-58847211
-62184122
32991986
26418406
-59215715
-43450225
-17080697
-23244563
-20094416
-76976947
42832057
-33013941
-72387538
20589327
-29119275
47135396
-12659057
-24838563
45382323
-51615191
-37398665
52317368
-69890477
-70953973
-11247115
2958288
-14300037
-48900656
-1
0
55273811
34158513
-47135396
-19193559
1634427
15994097
-60368594
-76084848
31456757
-1
0
56896850
-43450225
39617883
58847211
-22998929
39525237
61059367
-29055622
-35442188
-25084883
-36521472
22395088
29055622
78435635
-39374323
38941852
-33172544
68522451
-25084883
-38941852
26418406
-57905293
44346445
37398665
6454432
-19193559
29119275
23192593
-33736022
-44965376
-21836490
-56896850
-52317368
68090916
33013941
4115099
-48900656
-21903238
-18448218
-72387538
27131374
-24838563
-68090916
-51615191
56512023
-31456757
21903238
-36521472
-9066649
22395088
-33372766
-1
0
-7570201
-14526436
-1498680
-45382323
-29055622
-6454432
-48900656
-26469803
39525237
24114810
24114810
42235261
7570201
0
15690161
1634427
70953973
-1
0
77935321
32991986
-71326965
17080697
-48830757
-60368594
29577765
-33736022
-1811193
-72340575
-1498680
-58847211
49199967
39617883
-48102518
-18448218
-60368594
53319166
58210939
42235261
35442188
-31456757
-29577765
-24838563
-70953973
-12800091
28765376
-70953973
-28765376
-1
0
72340575
-30595064
-42235261
-1
0
-53280975
-1634427
-11247115
1634427
29577765
24114810
21836490
9066649
-24838563
-65710821
-18153941
58847211
42832057
-68090916
78401401
22395088
-19602269
1
-23192593
-1
0
-18448218
19602269
15690161
32991986
52317368
45382323
36046038
-42235261
-79554488
-79248235
42832057
-72340575
15690161
-63663917
34158513
-28765376
75727169
69850538
-32991986
-59215715
-68522451
20094416
15690161
-1
0
1811193
-25084883
-1
0
-15994097
-32991986
-9066649
-31255831
-48830757
-28765376
15690161
34158513
-60368594
-19602269
42235261
7570201
31456757
-53280975
-70953973
11247115
79248235
-79248235
-20094416
-42832057
-26469803
42832057
67333498
2679355
-68522451
59215715
-64140523
-1
0
-72387538
-48900656
-61059367
-69850538
-1
0
-45499270
-79248235
24114810
6454432
18448218
20099553
-23977571
57905293
55273811
-20099553
29577765
33172544
-44346445
7570201
51722748
24860641
63663917
12659057
-24838563
-33736022
-57905293
24114810
42235261
26469803
-1543382
78435635
63663917
31456757
-1811193
-72340575
-36046038
-29119275
77935321
-75100167
-22998929
47135396
44965376
-1811193
-72340575
37268845
58847211
-79248235
17080697
-29119275
24838563
6454432
-60368594
-1811193
-72340575
27131374
64140523
60451688
43450225
79248235
-36046038
-53280975
37398665
-59215715
-42795696
-9066649
9066649
-58847211
24114810
-1
0
-51615191
56896850
36046038
-21836490
-79231658
-37268845
-53280975
-77935321
33372766
-39617883
-33013941
31456757
-72387538
51722748
-24838563
24114810
42235261
42235261
-17080697
-10124181
-79248235
38840477
52317368
-65710821
-34158513
66866742
-12659057
7570201
71326965
-71326965
-70953973
38941852
24114810
42235261
7570201
0
42832057
-1
-44965376
