-1
-16682274
-1
-44572166
0
77217146
46095319
977207
36356568
977207
0
1
1
1
0
10835235
0
10835235
0
0
-1
-38590310
0
65686298
33115861
23387161
6133898
5732047
35432295
78423343
23387161
68761306
44572166
15472708
64220233
11124340
40596992
79256918
50423130
15472708
44572166
9903840
37840429
23644063
68670207
44572166
16682274
70658325
14304025
55161667
11195705
15472708
44572166
36356568
46095319
54482628
44572166
46095319
51596945
6133898
54482628
44572166
9903840
33996877
45679107
6690619
62314715
44572166
18938382
70658325
53621596
26463740
55161667
77675607
22907918
44572166
54386678
44572166
10150870
68670207
73374904
-1
-40350971
0
33115861
0
34438296
38590310
38590310
34438296
38590310
38590310
34438296
34438296
34438296
34438296
4961175
34438296
34438296
4961175
91526
75538542
91526
91526
4961175
4961175
91526
73374904
68884954
68884954
4250837
75538542
52426606
73374904
52426606
52426606
64153342
73374904
64153342
64153342
55952753
66621339
79604797
77217146
55952753
66621339
50954810
66621339
64153342
64153342
77217146
15001038
77217146
50954810
34558621
70022156
62767523
62767523
62767523
52426606
20706036
67393764
73458598
15001038
70022156
73458598
79604797
70022156
62767523
70022156
-1
-40350971
0
33115861
1
34438296
4961175
4961175
91526
4961175
91526
10819022
91526
91526
10819022
70022156
55952753
64153342
55952753
70022156
70022156
70022156
70022156
70022156
70022156
70022156
70022156
70022156
70022156
70022156
70022156
70022156
70022156
70022156
70022156
70022156
70022156
70022156
70022156
70022156
70022156
70022156
70022156
70022156
70022156
70022156
70022156
70022156
70022156
70022156
70022156
70022156
70022156
70022156
70022156
70022156
70022156
70022156
70022156
70022156
70022156
70022156
70022156
70022156
70022156
70022156
70022156
70022156
70022156
-1
-16231170
0
50954810
75538542
0
-6883738
0
-6883738
34438296
1
35902182
0
38590310
50954810
1
34438296
50954810
1
-1
-65572026
0
6883738
0
0
1
91526
1
1
1
1
1
1
0
0
0
0
0
0
0
0
1
38590310
34438296
4961175
91526
4250837
68884954
75538542
10819022
73374904
64153342
-1
-65572026
0
-35401963
77217146
0
38590310
1
34438296
34438296
38590310
4961175
34438296
91526
91526
4961175
4961175
0
0
1
56919161
1
38590310
34438296
0
4961175
50954810
91526
79604797
75194309
37840429
5732047
4250837
34558621
2563895
53621596
68884954
35902182
18938382
70022156
45679107
-78011739
-76186625
-79206385
75538542
7163754
66359644
-78423343
-42715141
62767523
23387161
-5647233
-77217146
29326791
52498494
20312114
64656241
-65688543
10819022
73374904
15001038
67393764
73458598
61285884
49798546
40350971
11628731
23520727
16682274
6690619
43051230
19024754
45221086
33996877
78858883
45149827
10150870
68761306
33115861
75432267
6133898
977207
54482628
63440510
36356568
46095319
17822474
35432295
8713462
43118940
70849251
14189551
54332134
56142462
57981483
64220233
50423130
606270
15472708
56848833
55161667
40596992
14304025
77675607
70658325
9903840
8325118
29804343
22907918
45044886
-56919161
-34707374
-31164774
-45044886
-22907918
-29804343
-8325118
-9903840
-11195705
-48759334
-26463740
-74535674
-40596992
-55161667
-56848833
-15472708
-606270
-4038619
-61229350
-71801804
-4637244
-56142462
-54332134
-14189551
-70849251
-43118940
-49242969
-76596592
-32862663
-35401963
-46095319
-36356568
-63440510
-54482628
-977207
-58664959
-54386678
-65572026
-65686298
-68761306
-10150870
-45149827
-78858883
-33996877
-23644063
-11124340
-62314715
-31723569
-43051230
-6690619
-16682274
-23520727
-11628731
-6883738
-62190117
-51556294
-11584602
-3769270
-49798546
-61285884
-73458598
-67393764
-15001038
-20706036
-66621339
-55952753
-52426606
-64153342
-73374904
-10819022
-75538542
-68884954
-4250837
-1
-65572026
0
6883738
1
0
34438296
1
1
1
1
1
1
1
1
1
0
0
0
0
0
0
1
38590310
34438296
4961175
91526
4250837
68884954
75538542
10819022
73374904
64153342
-1
-65572026
0
-35401963
50954810
0
38590310
1
38590310
4961175
4961175
34438296
4961175
68884954
91526
4961175
4961175
0
1
38590310
8325118
0
1
38590310
34438296
50954810
4961175
91526
75194309
37840429
4250837
79604797
5732047
2563895
68884954
53621596
18938382
34558621
35902182
45679107
-78011739
75538542
70022156
66359644
-76186625
-79206385
-78423343
-42715141
10819022
7163754
52498494
23387161
-77217146
62767523
20312114
64656241
-5647233
73374904
15001038
29326791
19024754
-6883738
40350971
-20706036
67393764
73458598
61285884
49798546
11628731
23520727
16682274
6690619
43051230
45221086
33996877
78858883
45149827
10150870
68761306
33115861
75432267
6133898
977207
54482628
63440510
36356568
46095319
17822474
35432295
8713462
43118940
70849251
14189551
54332134
56142462
57981483
64220233
50423130
606270
15472708
56848833
55161667
40596992
14304025
77675607
70658325
9903840
8325118
29804343
22907918
45044886
-65688543
-56919161
-34707374
-31164774
-45044886
-22907918
-29804343
-8325118
-9903840
-11195705
-48759334
-26463740
-74535674
-40596992
-55161667
-56848833
-15472708
-606270
-4038619
-61229350
-71801804
-4637244
-56142462
-54332134
-14189551
-70849251
-43118940
-49242969
-76596592
-32862663
-35401963
-46095319
-36356568
-63440510
-54482628
-977207
-58664959
-54386678
-65572026
-65686298
-68761306
-10150870
-45149827
-78858883
-33996877
-23644063
-11124340
-62314715
-31723569
-43051230
-6690619
-16682274
-23520727
-11628731
-62190117
-51556294
-11584602
-3769270
-49798546
-61285884
-73458598
-67393764
-15001038
-66621339
-55952753
-52426606
-64153342
-73374904
-10819022
-75538542
-68884954
-4250837
-1
-11628731
0
52426606
34438296
1
0
38590310
50954810
34438296
50954810
0
42715141
0
-68884954
-606270
-37840429
-58664959
52498494
56919161
-606270
20706036
-64153342
8713462
-74535674
-62190117
42715141
34438296
-52498494
18938382
48759334
-1
0
62314715
-5732047
-50954810
-7163754
9903840
15001038
-35902182
44572166
-22907918
-70022156
-31723569
-8325118
-62190117
-75194309
34558621
-1
0
-61229350
70849251
-54386678
-33996877
15472708
-23644063
-58664959
23520727
1
33996877
-74535674
55952753
-46095319
-50423130
65572026
42715141
-977207
-2563895
78858883
-43051230
-70022156
65688543
-52498494
14304025
4038619
-70658325
33996877
-78423343
55952753
-65686298
-32862663
-55952753
70849251
10819022
22907918
42715141
-4250837
75432267
-55952753
78011739
-40350971
42715141
-10819022
74535674
-36356568
68884954
6690619
-55952753
-15001038
9903840
64656241
-15472708
-55161667
-67393764
-73374904
31164774
56848833
75194309
-17822474
-5732047
52426606
56848833
79256918
-15001038
79206385
-55952753
-6690619
-45149827
-1
0
-40596992
-53621596
-29326791
-75194309
14189551
-40596992
-78858883
-73374904
-50423130
-56848833
42715141
14304025
4038619
-70658325
-61229350
-10150870
66621339
-8325118
-56142462
-37840429
33996877
-54332134
78858883
-53621596
42715141
-4961175
-76596592
-32862663
-35401963
-38590310
20706036
-10819022
-5732047
-11628731
-2563895
43118940
64656241
-10819022
32862663
4250837
-75538542
-54332134
-65686298
68761306
76186625
-45044886
-52426606
-50954810
-70022156
-45221086
65686298
45149827
-56142462
-50423130
-45221086
-62767523
-34438296
-37840429
-10819022
-8713462
-10150870
76186625
11628731
-91526
75432267
-68884954
-64153342
-17822474
78011739
77217146
-62767523
-10819022
45044886
-74535674
-68761306
15472708
42715141
-31164774
10835235
70658325
-23387161
-33996877
77217146
-11584602
-8325118
-11584602
-62190117
40596992
-75194309
-29326791
23520727
-35401963
-35401963
-40596992
-79604797
78011739
43051230
16682274
-19024754
-34558621
-67393764
51556294
9903840
49798546
68884954
-56919161
55952753
-65686298
-36356568
-53621596
78858883
-34438296
-4250837
-8713462
-53621596
66621339
65572026
65686298
45221086
-31723569
-37840429
-40350971
65686298
78011739
-8713462
-2563895
-10835235
-4961175
34558621
-77217146
9903840
-55952753
-65572026
-55161667
58664959
78423343
-48759334
5647233
-50954810
-5732047
-3769270
-17822474
14304025
20312114
18938382
15001038
54386678
32862663
4250837
64153342
-34558621
-19024754
-20706036
65686298
76186625
0
56919161
-54332134
-38590310
14189551
-31723569
-52426606
-75538542
33115861
22907918
-1
0
65572026
74535674
-52426606
7163754
-6883738
-50954810
-70022156
-54386678
-56142462
-73458598
-40596992
-68670207
56919161
-46095319
73458598
-54332134
-20312114
-33115861
15001038
-55952753
-44572166
-43051230
-18938382
48759334
48759334
-11584602
-34438296
-9903840
16682274
42715141
-67393764
-2563895
-40596992
-35401963
-3769270
-91526
54332134
-20312114
-75194309
-51596945
-8325118
-68884954
10835235
-1
0
4250837
-50954810
56919161
40596992
4637244
42715141
-22907918
52498494
4637244
65688543
-49798546
29804343
74535674
-52426606
70658325
58664959
0
-23520727
-15001038
4038619
78011739
-57981483
50423130
-91526
-1
0
-68884954
15472708
14189551
-20312114
29326791
-34438296
-64220233
11628731
-38590310
-52498494
-20312114
73458598
53621596
-66621339
23520727
-1
0
-40596992
64656241
-45221086
6883738
-38590310
65686298
4637244
4038619
26463740
-58664959
2563895
-11584602
58664959
4250837
78011739
-22907918
-53621596
606270
-11124340
34707374
-50954810
11628731
-78423343
23644063
34707374
31723569
-38590310
-5732047
-10819022
45221086
-73374904
76596592
-36356568
-58664959
64153342
-37840429
-75194309
-67393764
-55161667
-51596945
-45221086
91526
-52426606
42715141
-62767523
35902182
-55161667
-75538542
-8713462
-52498494
65572026
78011739
-44572166
75538542
77675607
-40350971
-53621596
23520727
-34438296
78011739
-38590310
-78858883
32862663
-10150870
-79256918
-68884954
-20312114
-55952753
-54386678
-71801804
71801804
66359644
65686298
6883738
-68884954
74535674
43118940
11628731
-68670207
-1
0
-5647233
-5732047
14304025
4038619
-31164774
-43118940
-75538542
65688543
-49242969
-11195705
-10150870
-70022156
-31723569
-64220233
-43118940
-19024754
71801804
-22907918
6883738
48759334
-4637244
43118940
-73374904
-74535674
-4637244
55161667
-46095319
-6690619
42715141
48759334
-33115861
-55952753
15472708
-66621339
-5732047
22907918
-3769270
78011739
34438296
42715141
-91526
8713462
-11124340
-40350971
56848833
78011739
-11628731
79206385
-66621339
-68761306
-32862663
-79206385
-77217146
8325118
-34438296
37840429
-35432295
-54482628
-49798546
62190117
-45149827
-55952753
-7163754
70849251
-38590310
43051230
35401963
-53621596
68761306
56848833
78011739
-62767523
-57981483
15001038
-35902182
11584602
-91526
45221086
45044886
33115861
-75538542
20312114
3769270
76186625
-68884954
57981483
51596945
-66359644
-50423130
17822474
-37840429
52498494
78423343
64220233
79256918
55161667
-6883738
-1
0
-4250837
53621596
8713462
-2563895
-52426606
45149827
6133898
8325118
-55952753
56142462
43118940
54386678
-34438296
-17822474
6133898
-49798546
79206385
6690619
-49798546
56142462
-75194309
-45044886
-64656241
65572026
-16682274
45044886
70849251
29326791
-68670207
77217146
74535674
-6690619
11628731
-65688543
-63440510
6883738
77217146
55161667
-1
0
50423130
-54482628
45221086
-62767523
-6883738
18938382
11584602
-35902182
-11584602
-18938382
6883738
62767523
-22907918
-34707374
-34438296
-55952753
-606270
-4038619
-20312114
-67393764
2563895
70849251
-23387161
34707374
-16682274
-15001038
6690619
-32862663
51596945
68884954
-11628731
-67393764
-77217146
-23387161
-55952753
-38590310
31164774
35432295
78858883
-1
0
73374904
-49798546
-54482628
-46095319
-66621339
34707374
-15001038
-64153342
-6690619
-67393764
51596945
-977207
70849251
-61285884
-20312114
-62314715
-4250837
-1
0
50423130
-45149827
34707374
-10819022
55161667
-77217146
52498494
23387161
-11124340
-17822474
-4961175
-53621596
68761306
43051230
-3769270
34707374
76186625
-77217146
-40596992
-55952753
-54386678
-606270
29326791
-10819022
-76596592
76596592
-91526
-18938382
52498494
-10819022
-53621596
-91526
11124340
56919161
46095319
-77217146
70849251
55952753
-20706036
8325118
-54386678
-48759334
29804343
-48759334
-54386678
78011739
57981483
-22907918
-38590310
45044886
29326791
-11195705
78011739
-32862663
-70658325
-4961175
45221086
-6690619
-22907918
-65572026
78858883
35432295
-16682274
-68884954
57981483
-54386678
-50954810
22907918
18938382
70658325
-11584602
54332134
-37840429
-11584602
61285884
78011739
8325118
-49798546
-34438296
-10150870
-40350971
-38590310
-52498494
70658325
-38590310
75194309
-77217146
-17822474
-53621596
-34707374
-32862663
-50954810
-29326791
-54386678
19024754
-55952753
-68884954
78011739
-75432267
-6133898
-40596992
-62190117
45149827
53621596
-1
0
70658325
70849251
-49798546
606270
-2563895
11124340
-6690619
11195705
6133898
-46095319
-61229350
19024754
68670207
6883738
-29326791
-65686298
23520727
-79604797
-62767523
75432267
29804343
-606270
76596592
15472708
76596592
-91526
62190117
-61229350
70022156
-36356568
34558621
-65686298
-65686298
-75432267
-76186625
-66359644
-7163754
-53621596
-70022156
-49242969
-1
0
9903840
-66359644
-54332134
-23520727
55161667
14304025
-45149827
-40596992
35902182
65572026
-4961175
-45044886
55952753
-10150870
45221086
58664959
-50423130
50423130
-73374904
-70658325
-29804343
-31164774
56848833
-56142462
-8325118
45221086
-42715141
-67393764
-53621596
-4250837
-3769270
-55952753
-6690619
-35432295
-4961175
11628731
-75538542
79206385
22907918
-23387161
40596992
79256918
6883738
-64153342
-77217146
6133898
-1
0
32862663
-67393764
-45679107
-2563895
29326791
35401963
-4637244
-22907918
-61285884
-53621596
65572026
-37840429
70849251
-75538542
34438296
-77217146
-45044886
48759334
14304025
-45149827
-22907918
-78858883
-34438296
-65686298
56919161
-34558621
-44572166
42715141
-45044886
-43051230
65688543
3769270
-11124340
10835235
-34438296
-37840429
-50954810
-62767523
-11195705
-75538542
11124340
-77217146
-66621339
6883738
10819022
56848833
-79256918
76596592
-1
0
11124340
-62767523
-16682274
50954810
-62767523
-65686298
-64220233
-68884954
-49798546
56919161
71801804
64153342
-40596992
79256918
8713462
-15472708
-10835235
-91526
76596592
43118940
-45044886
46095319
-66359644
-26463740
50954810
44572166
-46095319
-56919161
-70022156
-62314715
-91526
-56848833
58664959
-11124340
66359644
36356568
33115861
-78858883
4038619
-22907918
-63440510
22907918
-11195705
-61285884
-64220233
-45679107
34438296
-62190117
-18938382
-56919161
-5732047
-46095319
-4961175
-70658325
-16682274
78011739
-6690619
-54386678
6883738
-34438296
-10819022
79206385
23644063
-75538542
-1
0
-42715141
17822474
78011739
-23387161
-2563895
-49242969
70658325
54332134
31723569
-52498494
-4961175
36356568
-6883738
-56848833
70658325
5647233
-64153342
-31723569
-65686298
43118940
15472708
-70849251
46095319
62190117
-6883738
-77217146
15472708
-8325118
19024754
42715141
-76596592
71801804
-43051230
40350971
-22907918
-22907918
-38590310
-11124340
14304025
79206385
78423343
-75538542
-37840429
-6883738
79206385
-23520727
-23387161
15472708
-606270
49798546
-55952753
-40350971
-1
0
68884954
78011739
606270
-1
0
-70849251
-23387161
4038619
53621596
46095319
-76186625
-68761306
54332134
-67393764
8713462
-4637244
-73374904
79206385
-4637244
55161667
40350971
-77675607
-43051230
-62314715
-10819022
-32862663
-43118940
75538542
16231170
-65572026
-75432267
-78423343
-45044886
-78423343
5647233
-52426606
-43118940
-62767523
606270
-32862663
-43118940
8325118
-40596992
-5732047
606270
-10835235
29326791
79256918
-11124340
56142462
43118940
55952753
-4250837
70849251
15472708
-14189551
-6690619
78858883
-43118940
-10150870
5732047
-45221086
7163754
-11195705
-54482628
-56919161
-34438296
11628731
-63440510
-1
0
73458598
56142462
78011739
-45221086
40596992
-34558621
-56142462
-18938382
-34438296
11628731
-54482628
-50954810
15001038
-10150870
-38590310
-14304025
8713462
-22907918
-10819022
11628731
64656241
-19024754
-66621339
-62767523
-65572026
-65686298
35432295
-45679107
76596592
56848833
4038619
-56142462
52498494
54332134
-75538542
-78858883
-2563895
-14189551
-45044886
-10150870
-78858883
-62190117
7163754
-78858883
65686298
91526
70022156
2563895
43118940
14304025
6883738
-4637244
-78858883
91526
20706036
51556294
54386678
6690619
-18938382
51556294
65688543
11195705
56919161
-70849251
54332134
-62767523
68884954
-68761306
45044886
-35432295
-11628731
23520727
-45044886
-64153342
61229350
49242969
73458598
34707374
-68884954
-34558621
11124340
-35902182
78423343
31723569
-34438296
-31723569
-17822474
-61285884
-23387161
76186625
-10150870
45044886
-77675607
68761306
8325118
-65688543
-35401963
-45221086
-78858883
-79206385
-55952753
-44572166
-9903840
-7163754
-4961175
-45149827
-5732047
-75432267
-6133898
9903840
-31723569
-23644063
-38590310
29326791
75538542
58664959
34558621
-6690619
11195705
76596592
-43051230
-4637244
65572026
-54332134
-45221086
-34438296
-62767523
-68884954
-34707374
6133898
-10819022
78858883
6883738
-33115861
56142462
49798546
78423343
-31164774
-35401963
-14304025
32862663
-65686298
-73374904
54386678
62190117
-79604797
-51556294
-38590310
-54482628
4637244
-76596592
-43051230
35432295
-75194309
-63440510
-54482628
-2563895
-56142462
58664959
10819022
-75538542
35401963
-91526
77217146
5732047
-35432295
-54386678
-35432295
-45221086
-4637244
78423343
62314715
65688543
15472708
-74535674
-49798546
33996877
-78858883
-11124340
-1
0
5732047
-7163754
79206385
78011739
-52498494
-79604797
62190117
52426606
6690619
31164774
-66621339
10150870
3769270
20706036
68884954
74535674
15001038
-11628731
26463740
77217146
-37840429
-61229350
35401963
42715141
-4961175
-76596592
-91526
23520727
-50954810
11124340
-53621596
-38590310
-4250837
-40350971
79206385
23387161
-38590310
-37840429
-35902182
0
-22907918
75432267
-46095319
-55952753
-75432267
-53621596
35902182
22907918
-5732047
-61285884
-35432295
-77675607
-1
0
-75538542
-55952753
56919161
-15001038
-61285884
-5732047
-32862663
76186625
45221086
-33115861
46095319
20706036
11628731
55161667
15472708
-1
0
-56142462
-5732047
11124340
45044886
-6690619
-31164774
57981483
-50423130
-34558621
68670207
22907918
-31723569
-3769270
49242969
54482628
-6133898
-22907918
-75538542
-18938382
-71801804
19024754
36356568
75194309
-38590310
-52498494
-65688543
-35401963
8325118
-54386678
71801804
78011739
-45044886
-79604797
-1
0
-5647233
-8713462
-79206385
36356568
-62767523
-45221086
-64220233
-18938382
65688543
11628731
-11195705
61229350
-31723569
-56848833
70658325
49798546
-49798546
-35902182
45044886
45044886
61229350
-5647233
10819022
4961175
-4038619
70658325
-70849251
8325118
32862663
-54482628
-6133898
-23387161
48759334
5647233
-56142462
-14189551
4038619
-4250837
-36356568
-49798546
7163754
-23520727
34558621
79206385
-7163754
43118940
29326791
-37840429
-73374904
-606270
5647233
-50954810
-43118940
-20312114
-4250837
-3769270
-76186625
-43051230
45679107
-49798546
-68761306
3769270
-606270
-44572166
65572026
36356568
-44572166
29804343
74535674
-75432267
22907918
-62767523
43051230
-38590310
45044886
-8325118
61285884
62190117
3769270
-35432295
56848833
14304025
4637244
70849251
78858883
19024754
62767523
-34558621
68761306
-73374904
-50423130
55952753
-52498494
79256918
45044886
-23387161
-14304025
75432267
16231170
-44572166
-79604797
74535674
68884954
23387161
-11195705
40596992
-15001038
-2563895
-70022156
74535674
-56848833
-62314715
-61229350
-91526
45221086
54332134
-45221086
7163754
-74535674
-5732047
-35432295
51556294
49242969
-977207
3769270
-10819022
-23387161
31164774
17822474
-17822474
-19024754
64220233
10835235
-5732047
46095319
-49798546
-4961175
36356568
42715141
-4250837
45221086
77675607
-48759334
77675607
-23387161
76186625
4038619
-56919161
-34438296
49798546
-29804343
34707374
15472708
52426606
-18938382
45679107
-66359644
-35432295
-46095319
-62767523
56142462
-6690619
-78858883
54332134
78423343
79206385
78423343
35401963
-6883738
58664959
74535674
61285884
-20706036
-14304025
-4038619
-9903840
31723569
33115861
-37840429
42715141
46095319
-35902182
46095319
606270
-4250837
50423130
45679107
11195705
-35401963
-68884954
-54482628
-73374904
-10835235
-50954810
14189551
-4250837
-68761306
-57981483
66621339
-36356568
48759334
56919161
50423130
78858883
-4250837
-70658325
-6133898
8325118
-36356568
-1
0
-66359644
-74535674
-40596992
-2563895
-4637244
66359644
-77217146
76596592
-70849251
40596992
51596945
54332134
33115861
-38590310
-66359644
-79604797
78423343
5647233
-34438296
-75194309
-73374904
-70849251
33115861
977207
11584602
-55161667
58664959
73374904
-20706036
15001038
-57981483
33996877
-15472708
-8713462
-7163754
54332134
-19024754
42715141
78011739
48759334
7163754
6133898
75194309
-38590310
-73374904
-11124340
-14304025
-31723569
-40350971
34707374
65572026
-31723569
-35401963
-34558621
67393764
49242969
11628731
3769270
-29326791
-23520727
34558621
-53621596
-51596945
32862663
78011739
-20706036
-3769270
-38590310
-34558621
31164774
-50954810
-34558621
-54482628
-77217146
-75194309
-58664959
-66359644
3769270
-77217146
-53621596
-31164774
-35401963
-57981483
38590310
-37840429
-37840429
-66359644
-6133898
-63440510
29804343
-50954810
45221086
78423343
-68884954
-75538542
43051230
-5732047
-65686298
-1
0
34707374
-6690619
-45221086
-11628731
76186625
-9903840
-4637244
-36356568
-32862663
33996877
-48759334
56142462
33115861
78858883
-4637244
-37840429
-55161667
-91526
-3769270
-1
0
-78011739
45044886
70849251
-29326791
-11124340
-43118940
-62767523
2563895
54482628
-74535674
43051230
62190117
-68761306
-36356568
-66359644
56919161
37840429
-44572166
48759334
606270
51556294
35401963
-45149827
-2563895
-61229350
34707374
34558621
42715141
-4250837
-18938382
-68884954
76186625
-1
0
65572026
-62767523
-62190117
-2563895
-22907918
56142462
-18938382
-11628731
11195705
10835235
-606270
-66359644
-19024754
-75538542
10150870
57981483
33996877
-4637244
-11584602
76596592
-1
0
62314715
31723569
-45221086
-64220233
-18938382
70849251
20706036
6883738
34707374
-10819022
11124340
4250837
78011739
-52426606
40596992
-67393764
11124340
-71801804
-35432295
35401963
75538542
58664959
-52498494
4637244
9903840
70658325
-16231170
31164774
57981483
-35902182
-15472708
52426606
62767523
606270
73458598
-62767523
46095319
-45679107
-43051230
-43118940
91526
-15472708
-5732047
53621596
-14189551
606270
-78423343
-23387161
-35401963
44572166
-14189551
11195705
48759334
31723569
-54332134
-23520727
73458598
-55952753
11584602
3769270
-42715141
-73374904
-606270
-17822474
14304025
55161667
-73374904
40596992
-67393764
5647233
11124340
65688543
-52498494
-1
0
62314715
74535674
-20312114
-62314715
-71801804
-35432295
29326791
26463740
57981483
-52498494
40350971
43118940
31164774
46095319
-54482628
52426606
62767523
-4637244
48759334
-56142462
-1
0
-71801804
-43051230
44572166
14304025
-6690619
68761306
78858883
-34438296
37840429
-35432295
-8713462
-34438296
3769270
-34558621
42715141
-66621339
-68761306
-33115861
6133898
19024754
40596992
-79206385
-43118940
-16682274
-5647233
-33996877
68884954
-31164774
74535674
65688543
73458598
-22907918
-38590310
29804343
-6690619
-57981483
74535674
45044886
76186625
-23520727
-8713462
-75194309
-75432267
33115861
55161667
55952753
22907918
5647233
-9903840
-35432295
78011739
-6690619
-68670207
75432267
-18938382
15001038
-43051230
-34558621
31723569
-11195705
-5732047
-2563895
66359644
-6690619
-32862663
-11628731
-62190117
70658325
31723569
49798546
-29326791
-62190117
-76186625
-33996877
-35902182
54482628
14189551
-55161667
51556294
31723569
76186625
17822474
-35432295
54482628
-67393764
32862663
-3769270
-76186625
-33996877
-62767523
49798546
23520727
-11628731
31723569
-15472708
-31723569
-32862663
36356568
48759334
78423343
7163754
45221086
-73458598
-77675607
-74535674
-18938382
-62190117
75432267
-1
0
-8325118
26463740
-64153342
-23520727
-22907918
-65572026
-45221086
-53621596
-79256918
-6883738
-17822474
46095319
34558621
-78011739
-49798546
-91526
16682274
-70849251
-14189551
-2563895
31164774
-56848833
-68884954
-45679107
75432267
65688543
-79256918
54386678
43118940
45044886
31164774
-4637244
52498494
50423130
65688543
77675607
56919161
56848833
-65572026
-11195705
-32862663
-75432267
6883738
57981483
-73374904
-53621596
79604797
78423343
78858883
-4961175
-4250837
54332134
76596592
23520727
-4961175
55952753
-66359644
8713462
-1
0
-68670207
-8713462
6690619
-15001038
-1
0
-22907918
-35401963
6883738
-70022156
-40350971
-15472708
-1
0
-67393764
-35432295
65688543
79206385
-38590310
-52498494
75432267
58664959
52498494
-8713462
20706036
-20706036
-53621596
6690619
29804343
-53621596
-65686298
56142462
-40596992
-54332134
-4038619
74535674
65688543
61285884
-33115861
-75432267
-40596992
31164774
73458598
11195705
11628731
-75432267
-36356568
-9903840
79206385
-53621596
-45149827
-74535674
58664959
-73374904
-75194309
-73374904
56142462
-75432267
-9903840
-23644063
52426606
-48759334
4038619
-6133898
-23387161
-75538542
64656241
31164774
-2563895
-9903840
23520727
977207
-1
0
2563895
-34438296
-79206385
-14189551
-68884954
18938382
-1
0
-40350971
977207
-2563895
45221086
-62314715
-70022156
49242969
-14304025
-17822474
-75194309
55161667
-7163754
32862663
70849251
20706036
11195705
78011739
-44572166
11124340
-46095319
-66359644
-6133898
73374904
-34438296
-58664959
-76596592
73458598
14304025
8713462
-61285884
54386678
-11124340
-73374904
8713462
-77217146
36356568
-20706036
-10819022
-8325118
11628731
-34707374
-1
0
-14189551
-35401963
-16682274
64220233
-2563895
-5647233
42715141
10819022
29804343
977207
-37840429
-54386678
45044886
26463740
77217146
-54386678
91526
34707374
57981483
-1
0
4961175
-91526
-35401963
-45679107
-36356568
-51556294
6883738
-4250837
57981483
11584602
45679107
78011739
-73458598
8713462
-10819022
57981483
-78858883
-38590310
-14304025
71801804
45221086
-38590310
37840429
-23644063
75194309
46095319
-16682274
-76596592
-35432295
51556294
-74535674
-78423343
53621596
71801804
-78423343
65686298
-14304025
35432295
-64656241
-32862663
-35432295
-8713462
51556294
23520727
-56142462
58664959
-54482628
55952753
-35401963
11195705
68884954
8713462
-66359644
-8713462
76596592
56919161
20706036
-4961175
-73374904
-23387161
66621339
-1
0
-68761306
-5732047
606270
-1
0
-40596992
-31723569
-37840429
4038619
29804343
-62190117
6883738
-68884954
-34558621
4637244
31164774
17822474
73458598
75432267
-70022156
45221086
61229350
35401963
-38590310
-50423130
70849251
31723569
78011739
-14189551
-54386678
71801804
-64153342
-37840429
-77675607
53621596
-54482628
-1
0
-40596992
-31723569
-37840429
4038619
29804343
-43118940
6883738
-68884954
-34558621
71801804
-49242969
68761306
20706036
66359644
-76596592
-6133898
-45044886
-977207
-17822474
6883738
-33115861
29804343
-52498494
-22907918
-8325118
-62767523
-43118940
-76596592
-20706036
8325118
-23520727
-17822474
-5732047
-6690619
35432295
52426606
-64153342
3769270
-34438296
46095319
3769270
74535674
40596992
-62190117
70658325
-5732047
34558621
-1
0
-11124340
40596992
-44572166
65572026
6133898
-51556294
-1
0
-76596592
78011739
-45221086
45044886
-66621339
-34558621
31164774
-62190117
70849251
-34438296
33996877
-17822474
-54482628
63440510
65686298
-1
0
77217146
-75538542
-977207
-75432267
-10819022
14189551
-43051230
58664959
-11124340
71801804
-65686298
-37840429
-70658325
-56142462
-91526
78858883
-4250837
-15001038
-3769270
76186625
65572026
8713462
-1
0
76596592
-43118940
10150870
63440510
-64220233
-14304025
-33115861
43118940
78011739
-32862663
-29326791
-6690619
78858883
-43118940
-71801804
45221086
-50423130
-1
0
10819022
51556294
33115861
14304025
-70849251
33115861
14304025
-1
0
11124340
-8713462
63440510
75432267
-6883738
-64220233
-64656241
23520727
4637244
-1
0
-18938382
-61229350
14189551
-8325118
40350971
76186625
29804343
-45044886
29804343
74535674
-56848833
36356568
-62767523
61285884
11584602
-49242969
11628731
45044886
-65686298
-20706036
20706036
-4961175
-56919161
15472708
-17822474
-43118940
-65686298
-6690619
42715141
-11584602
3769270
54386678
61229350
6883738
-64656241
29326791
52498494
-37840429
37840429
6133898
42715141
4250837
-9903840
-4250837
31164774
-20312114
67393764
6690619
-4250837
16231170
-20706036
-11124340
62190117
-35432295
-38590310
-91526
-35902182
-79206385
-66621339
-62767523
-55952753
-48759334
-67393764
10150870
46095319
34558621
54482628
54332134
-36356568
78858883
79206385
606270
-17822474
-22907918
46095319
-33996877
-5732047
-11124340
65688543
-11124340
56142462
75432267
-11628731
4250837
40350971
-10819022
-54386678
-16682274
11195705
65688543
29326791
29804343
65686298
79206385
-22907918
-38590310
-65688543
6690619
-49798546
70849251
-54429900
-38590310
-23644063
65688543
10819022
-70658325
-42715141
-53621596
34558621
-50954810
-3769270
-76596592
-49798546
-10150870
51596945
-76186625
-79604797
57981483
-1
0
50423130
-70658325
65688543
-20706036
78011739
-50954810
-2563895
-61285884
79206385
61229350
4637244
5732047
-73374904
-53621596
55952753
-68884954
-68670207
-1
0
-2563895
-11124340
-5732047
22907918
-1
0
34438296
79206385
-606270
-75432267
-6690619
-73374904
-56848833
-75538542
56919161
22907918
-62190117
42715141
4961175
-23520727
29804343
-56848833
33115861
-38590310
-8713462
-34438296
7163754
-38590310
0
-45221086
-55952753
11124340
31164774
-16682274
46095319
-10150870
-79206385
43118940
-18938382
-46095319
-71801804
8713462
-34438296
-78011739
-53621596
-70022156
-35902182
7163754
-20706036
-10150870
-34438296
22907918
-40350971
78011739
-73458598
-68761306
-2563895
-46095319
-70022156
45221086
79206385
-68884954
57981483
79206385
79604797
-38590310
-58664959
-68670207
56919161
-50423130
4637244
-20706036
35432295
-5732047
-55952753
-6690619
78423343
-36356568
-1
0
-5647233
-14304025
79206385
4637244
40350971
-75194309
-23520727
-43118940
-20706036
79604797
37840429
-4637244
66621339
33115861
20312114
-1
0
-65686298
51596945
-73458598
-74535674
-65688543
-1
0
3769270
62314715
-34558621
-8713462
-52498494
-38590310
29326791
29804343
-8713462
-70022156
-35902182
56919161
29804343
11195705
-33115861
-62190117
-50954810
-68884954
48759334
-61285884
-43051230
40350971
6883738
78423343
-35902182
34707374
65688543
-76596592
-1
0
-20312114
-35902182
6133898
18938382
-4250837
-55161667
-34558621
61285884
15472708
-1
0
54386678
-8713462
-11584602
48759334
70849251
-62190117
-33115861
-54332134
-11628731
65572026
-56848833
65688543
-6690619
45149827
-1
0
-40596992
-20312114
8713462
64220233
-75194309
-15001038
-5732047
-40350971
78011739
-66621339
-10150870
8713462
-56919161
-38590310
-23520727
-43051230
-29326791
-48759334
10150870
-61285884
35432295
-4250837
-70658325
8713462
-34438296
-4038619
19024754
-7163754
35401963
-34438296
32862663
-31723569
-64656241
-1
0
11584602
75194309
-54482628
-1
0
-10819022
-74535674
-66621339
-50954810
-73374904
70849251
-23520727
-5732047
-62314715
-35902182
35401963
56142462
-977207
35432295
-77217146
-29326791
-38590310
-61285884
-34558621
-78423343
78423343
42715141
-34438296
-77217146
-64153342
58664959
-45149827
-45679107
62767523
78423343
-4637244
-79206385
-75538542
-14304025
-73374904
-53621596
-68884954
48759334
32862663
-54482628
-20706036
-18938382
-11628731
74535674
-65572026
-70022156
-61285884
-606270
-11628731
-977207
56919161
33996877
-91526
-34558621
19024754
-4637244
62190117
33115861
65688543
14304025
-16682274
-52426606
-7163754
65688543
76186625
-76596592
2563895
22907918
-51556294
-1
0
-76596592
78011739
-45221086
40596992
50423130
-46095319
-22907918
22907918
-34438296
-8325118
-61285884
70849251
-76186625
29804343
-46095319
-4250837
74535674
74535674
-53621596
-75194309
51596945
76186625
10819022
3769270
65688543
75194309
-75538542
-14304025
-73374904
-53621596
-68884954
48759334
71801804
50423130
-37840429
-14304025
42715141
-3769270
-32862663
-11124340
70849251
34558621
-17822474
-62767523
45221086
-10150870
-15001038
-4250837
-79206385
23520727
34558621
76596592
-606270
-23644063
64153342
-64220233
-58664959
70658325
78423343
977207
-66359644
-75538542
-54386678
-54332134
50954810
-11584602
-62190117
26463740
70849251
7163754
14304025
-20706036
67393764
-34558621
6883738
-15001038
53621596
-40596992
-63440510
68761306
-33115861
606270
19024754
-54429900
52498494
58664959
-4637244
16682274
-1
0
-56142462
2563895
977207
-75194309
-4250837
62767523
45044886
78011739
70849251
54482628
-74535674
65572026
8713462
-64656241
-35902182
-37840429
-65686298
70849251
-55161667
45221086
56919161
-61285884
-91526
78423343
-4961175
-46095319
-2563895
58664959
15001038
-606270
70658325
-42715141
-1
0
75432267
-75432267
-10150870
-34438296
9903840
-43118940
-45221086
62314715
-4250837
31164774
606270
62314715
-58664959
74535674
6883738
10835235
55161667
-37840429
-37840429
34558621
-68670207
606270
-64656241
-49242969
-11195705
-10150870
-70022156
-6690619
58664959
70658325
58664959
51556294
977207
74535674
-606270
-5732047
52426606
6883738
55161667
-2563895
68761306
64656241
-11584602
0
-35432295
-17822474
45044886
-11124340
-34558621
33996877
-31723569
-51596945
-20706036
-43051230
43118940
-71801804
-1
0
-73458598
-64153342
-14304025
6690619
31164774
-11584602
75432267
-44572166
-73374904
2563895
70849251
-4961175
-977207
31723569
-35902182
-73374904
-34707374
-91526
45149827
-53621596
-79206385
6883738
-40350971
49798546
76186625
-4961175
-38590310
-65686298
51596945
-66359644
-76596592
15472708
-1
0
42715141
-78423343
78011739
-75194309
-33996877
-75538542
91526
-35401963
74535674
-37840429
-4250837
10819022
71801804
-1
0
-75194309
-68761306
-14189551
-6690619
23387161
-75432267
-1
0
-53621596
-78858883
78011739
-50954810
-51556294
70849251
-8325118
-34438296
-55161667
-34438296
-55952753
-61229350
-11628731
-53621596
65688543
58664959
-61229350
15472708
-1
0
54386678
-4038619
-43118940
76186625
-14189551
-23520727
-1
0
-37840429
-70022156
79206385
-10819022
-20706036
74535674
-6883738
20706036
-34558621
-70658325
-37840429
-68884954
-34438296
-50423130
-38590310
-38590310
45221086
6883738
-11628731
-55161667
-53621596
-55952753
-91526
5647233
-34438296
-4961175
40596992
42715141
-49242969
-1
0
-75432267
62190117
-16682274
-34438296
34558621
-75538542
55161667
56919161
15472708
-70849251
29804343
-36356568
-91526
3769270
-45679107
-1
0
-18938382
-6133898
8325118
-66621339
-1
0
-75194309
56142462
-64153342
3769270
-37840429
68884954
54332134
-75538542
-40350971
-58664959
79206385
-77217146
-77675607
-1
0
-45221086
-64153342
-71801804
76186625
6883738
-23520727
42715141
-5732047
-46095319
-5732047
54386678
-5732047
64220233
-33115861
45044886
48759334
42715141
-73374904
-64656241
-77217146
5732047
-606270
55161667
606270
-55952753
5647233
56142462
-40350971
-34438296
15472708
-4961175
-52426606
-14304025
-61229350
-1
0
-23520727
-8713462
-64153342
-6690619
54482628
-77217146
-65686298
-20312114
-50423130
-70849251
56919161
-36356568
-78858883
-34438296
-4961175
-5732047
-66621339
-43051230
-17822474
-6883738
56919161
-8325118
-15001038
-6883738
18938382
11584602
-77217146
58664959
63440510
-75538542
70849251
-77217146
56142462
-55952753
-44572166
-49798546
-4637244
56919161
45221086
-50954810
-79604797
23520727
-62314715
78011739
8325118
-3769270
78011739
9903840
40350971
606270
-40350971
4038619
-55161667
19024754
6883738
55161667
-46095319
-8713462
-53621596
50954810
48759334
70658325
11124340
78858883
-65686298
-76596592
-34438296
-36356568
-10819022
-73374904
45679107
-38590310
-66621339
-33996877
79206385
-73374904
42715141
-8325118
40596992
48759334
62190117
42715141
-32862663
-6690619
10150870
64656241
65572026
34558621
-62190117
-18938382
-22907918
5647233
23644063
48759334
-5732047
14304025
-38590310
-4038619
-66359644
76186625
-20706036
35432295
14304025
65688543
-38590310
-45221086
-78858883
-34438296
-34438296
65688543
-76186625
-1
0
-58664959
7163754
55952753
-37840429
-4250837
-73458598
74535674
-18938382
-20706036
20706036
-16231170
-37840429
55952753
-15001038
70849251
42715141
-67393764
-977207
50423130
36356568
-76186625
-68884954
-6690619
48759334
-4637244
78011739
20312114
22907918
62190117
32862663
45679107
-1
0
-11124340
36356568
20312114
-18938382
-11584602
-75194309
-38590310
-64153342
53621596
34707374
36356568
-77217146
-79604797
-61229350
74535674
76186625
91526
-67393764
-40596992
17822474
76186625
78858883
-34438296
-77217146
-35401963
-10819022
-40596992
-36356568
-77217146
-43051230
-37840429
-42715141
42715141
-73458598
43118940
43118940
43118940
-76596592
-67393764
17822474
78011739
-35432295
-9903840
-79604797
45221086
77675607
78011739
-73374904
56142462
-54482628
11124340
31164774
33115861
-77217146
56919161
-45679107
-50423130
-11584602
-35902182
-75538542
3769270
-70022156
33996877
68670207
-10150870
-3769270
-78858883
23644063
-53621596
-14189551
-70022156
54482628
78423343
-4250837
-51556294
35902182
-35401963
45044886
70022156
43051230
-68761306
34558621
-61285884
45149827
-62767523
23387161
-61285884
-22907918
75194309
-77217146
62767523
-606270
-7163754
-29326791
-17822474
-71801804
35902182
6883738
-68884954
56848833
-58664959
10150870
57981483
-18938382
-61285884
8325118
11195705
-65686298
-5732047
-9903840
-33115861
34438296
-65572026
58664959
66621339
-1
0
-34707374
76186625
6133898
-65688543
31164774
-78858883
-5732047
-11124340
-66359644
78423343
-7163754
78011739
-35401963
4038619
-57981483
-62190117
6883738
68884954
56848833
-4250837
48759334
-37840429
-4961175
36356568
-79206385
-40596992
75538542
42715141
-3769270
-53621596
-91526
45221086
-10150870
-75194309
-75538542
68761306
3769270
-50423130
-53621596
68761306
76186625
-75194309
-37840429
61229350
-31723569
31723569
-68761306
15472708
23644063
67393764
64153342
-70022156
20312114
14304025
68761306
20706036
-9903840
15472708
-91526
54482628
-23520727
23520727
-606270
71801804
45044886
-68884954
-74535674
-15001038
6883738
68884954
-11584602
-50423130
-65572026
-53621596
79604797
19024754
-17822474
3769270
-38590310
45044886
-78858883
71801804
19024754
-35902182
62767523
-45044886
-40350971
-10819022
-31723569
-70022156
-1
0
-78423343
-53621596
-65688543
-23387161
-64153342
-5732047
-64656241
79256918
74535674
52498494
33115861
-1
0
79604797
-33115861
58664959
-45679107
55161667
58664959
-31723569
5647233
-29326791
-55952753
54332134
8713462
8713462
78011739
-35902182
-68884954
-8713462
-9903840
71801804
-76596592
-76186625
-73458598
-68761306
23520727
-40350971
-977207
-55161667
-54386678
16682274
48759334
-75432267
40350971
-1
0
26463740
-62767523
-62190117
-75194309
-64656241
56142462
6883738
-73374904
23520727
-53621596
45221086
65688543
-76186625
-35902182
56142462
-34438296
-54332134
75432267
-1
0
-46095319
70658325
-20706036
23520727
-34558621
61229350
-79206385
-34438296
-50423130
-58664959
70849251
-31723569
-64220233
-4038619
56848833
34707374
63440510
-8325118
33996877
-4637244
-61285884
-52498494
71801804
-65686298
-19024754
6883738
-67393764
45221086
-43051230
-67393764
2563895
-1
0
-11584602
56142462
-31723569
56919161
65686298
-34558621
45221086
-31723569
10819022
-66621339
62190117
77675607
-51556294
-45679107
15472708
29804343
76186625
5732047
-23644063
45221086
11124340
15001038
74535674
10150870
-61285884
-66621339
15472708
-55161667
-38590310
56142462
-1
0
70658325
-62767523
-57981483
-75432267
-75538542
48759334
-70849251
-11628731
-52426606
-66621339
-54332134
-10819022
-9903840
78423343
-74535674
-8713462
-46095319
-22907918
977207
-606270
-23387161
29326791
6883738
606270
-8713462
-64656241
43051230
54482628
55952753
71801804
62314715
11628731
18938382
-78423343
-75538542
49242969
51556294
3769270
49242969
11628731
78011739
-75194309
-75194309
-1
0
-37840429
7163754
-10819022
15001038
-51596945
4038619
-33996877
4637244
22907918
-20706036
-64656241
74535674
-5647233
-79604797
48759334
31723569
6690619
-52426606
40596992
-18938382
-17822474
31164774
-68761306
-77217146
-34707374
75194309
-79604797
70022156
11124340
-17822474
11628731
-54482628
-66621339
11628731
-23387161
-45679107
-11628731
20706036
-52426606
40596992
-79206385
53621596
57981483
4637244
55161667
91526
18938382
78423343
-75194309
33996877
37840429
-50954810
31723569
34558621
17822474
-17822474
-6133898
-4250837
-61285884
-35401963
5647233
-75538542
-73374904
-35432295
6690619
54482628
-75194309
44572166
-78858883
-4038619
-76596592
-66359644
-31723569
45221086
62767523
-70022156
-66621339
1
15001038
48759334
54386678
40596992
78858883
-66621339
40596992
-54332134
-16682274
-14189551
-38590310
-37840429
76186625
17822474
61229350
-66359644
-67393764
-61285884
14304025
-31723569
-38590310
5732047
-40350971
-67393764
-67393764
29326791
8713462
20706036
-16682274
-70849251
-53621596
64220233
-43118940
-10819022
52426606
22907918
-15001038
-54386678
-70022156
-20312114
-31164774
-77217146
33115861
-65572026
-43051230
-20312114
34558621
-75538542
-42715141
-6883738
55952753
20312114
-66621339
76186625
35902182
-35902182
-11124340
35432295
-45044886
54332134
40350971
-38590310
-15001038
-79604797
-91526
-31723569
-91526
68670207
-606270
-2563895
-11628731
48759334
-10835235
-50423130
-45679107
-55952753
-1
0
-3769270
-4637244
65688543
77217146
-79256918
35432295
-6690619
-75194309
-53621596
-49242969
54482628
-34558621
18938382
55952753
-68761306
-8325118
68884954
-34707374
-4961175
70849251
22907918
11584602
49798546
-57981483
-71801804
55161667
62767523
-74535674
-29326791
-37840429
-1
0
6883738
2563895
78011739
8325118
14304025
78011739
-45221086
78423343
-34438296
73374904
-54482628
18938382
51596945
-10819022
54386678
-54386678
-11124340
-16231170
20312114
-17822474
58664959
36356568
-53621596
35432295
-4961175
56142462
-62314715
606270
-43051230
-38590310
-54386678
-91526
-53621596
7163754
-78858883
-48759334
-38590310
-91526
-7163754
54332134
4038619
62767523
-11195705
-14189551
29804343
-22907918
-65686298
43118940
65688543
11124340
-54482628
-1
0
66359644
-50423130
-34438296
76596592
42715141
5732047
-48759334
-34438296
11628731
-75432267
34558621
-75194309
54386678
11124340
29326791
-606270
-11628731
-40350971
-10819022
68670207
-68884954
-64153342
33996877
-36356568
6883738
-4250837
45221086
43118940
-46095319
-48759334
-34438296
49798546
-46095319
-5647233
58664959
-11124340
54482628
6690619
68884954
-37840429
62190117
65572026
-11195705
74535674
-50423130
55161667
-6883738
-45044886
61285884
34707374
-4250837
-20706036
-45221086
-37840429
34438296
-62767523
49798546
-55161667
-4250837
-67393764
-4038619
-56919161
-38590310
-977207
-6690619
-75194309
5647233
-10835235
55161667
-977207
-74535674
-36356568
-50954810
-35432295
-4038619
-53621596
-38590310
-23520727
-6690619
31723569
-35432295
34707374
4961175
-77217146
-35902182
-36356568
14304025
-61285884
78011739
-4637244
-42715141
-1
0
71801804
-71801804
-23387161
-14189551
51596945
-64220233
-45679107
54332134
-33996877
23520727
-65572026
68670207
-4961175
45679107
-22907918
-38590310
79206385
70658325
42715141
42715141
-33996877
-1
0
-40596992
2563895
8713462
-91526
20706036
-65688543
-11124340
74535674
78011739
-66359644
-49242969
-49242969
-40596992
45044886
-91526
23520727
75432267
-34438296
-64220233
-4961175
31723569
-4038619
71801804
-68884954
-35902182
76596592
-31723569
-10819022
-34438296
56919161
-78858883
-66359644
-6133898
-45221086
48759334
43051230
-37840429
76596592
-46095319
-66621339
53621596
-45044886
16682274
44572166
-23387161
-2563895
50423130
68670207
-73374904
-51596945
58664959
3769270
-5647233
-1
0
50423130
31164774
-52498494
46095319
-61285884
-34438296
33996877
6883738
35902182
20706036
-68884954
55161667
79206385
33115861
-75538542
34438296
-6883738
-45679107
-18938382
-77217146
-75194309
75432267
-56919161
32862663
-11124340
75194309
-66621339
42715141
-3769270
-71801804
-53621596
-75194309
15472708
-23387161
-66621339
-38590310
-15001038
49798546
-54332134
15472708
-38590310
-48759334
71801804
-54332134
-79206385
73458598
-73458598
70658325
-46095319
55161667
-1
0
79604797
78423343
-91526
15472708
79206385
52426606
65688543
-16682274
34558621
-1
0
-65572026
-36356568
-78858883
-1
0
-56142462
-74535674
-10819022
29326791
-11124340
-34438296
-50423130
75432267
-55952753
-5732047
-67393764
-57981483
34707374
54386678
-91526
23387161
-11628731
78011739
55161667
4637244
8713462
-6690619
45149827
-70849251
-53621596
6883738
-4637244
-17822474
76186625
55161667
-78423343
-54386678
-1
0
11124340
-43118940
-46095319
-50423130
4961175
33996877
-11628731
-55161667
-50954810
-8713462
-23644063
-52426606
78011739
34438296
-67393764
-977207
-7163754
-36356568
-4961175
-77217146
-14189551
-8325118
-45679107
18938382
-29804343
-79256918
-11124340
23644063
10835235
-45044886
-6133898
-52498494
35401963
-6883738
77675607
-43051230
-75194309
-15001038
74535674
-74535674
-5732047
-68670207
-50954810
11124340
-5732047
-6690619
33115861
75432267
-8325118
-73374904
23387161
37840429
62190117
-43051230
49798546
-22907918
-45149827
-17822474
23520727
-65688543
-9903840
-65688543
10150870
73374904
79256918
-11628731
17822474
-75194309
-34438296
49798546
-35432295
-31723569
74535674
-606270
4961175
10835235
-15001038
-31723569
-33996877
-15001038
17822474
-62190117
-977207
76596592
43118940
-54482628
31723569
-68884954
43051230
-73458598
77217146
57981483
-68884954
77675607
17822474
33996877
73374904
31723569
-62314715
1
-70022156
-56848833
-71801804
-35432295
-53621596
-34558621
54332134
-33115861
55161667
42715141
-32862663
-4637244
-17822474
-34438296
-26463740
-45679107
5647233
-34558621
49798546
977207
-23387161
-42715141
8713462
-57981483
43051230
-53621596
-73374904
-26463740
-35401963
34558621
61229350
34558621
-23644063
-17822474
23387161
-76186625
-45221086
65572026
50423130
11628731
4637244
29804343
-15001038
-63440510
-48759334
62767523
50954810
-64220233
-606270
-18938382
56919161
26463740
-4038619
22907918
-55952753
-2563895
6883738
-51596945
56919161
-74535674
-91526
75538542
-62767523
8325118
-606270
-20312114
-61229350
-51556294
64153342
54332134
-2563895
40350971
-56848833
54482628
76186625
76186625
29326791
20312114
54332134
78858883
-1
0
34558621
-2563895
-64153342
-2563895
-2563895
-35432295
29326791
-91526
45221086
-52498494
34707374
31723569
-91526
4961175
-15001038
-56142462
-11124340
-62190117
58664959
-36356568
-56142462
-76186625
-78011739
22907918
-4637244
65572026
-20312114
76186625
-10819022
65572026
-46095319
17822474
-1
0
-76596592
70849251
-35902182
15001038
-7163754
-8713462
-65686298
-68761306
54482628
-11195705
54482628
-11124340
-44572166
43051230
-33996877
77675607
-33115861
-55952753
-54482628
-76596592
-53621596
-34438296
49798546
-36356568
-35432295
23644063
-62767523
-54429900
-76596592
-62314715
74535674
20312114
-40350971
54332134
-2563895
68761306
79604797
54386678
29804343
-20312114
-76186625
15472708
-70849251
33115861
43118940
79206385
8713462
-22907918
-38590310
31164774
70849251
-606270
78011739
-58664959
5732047
-73374904
40596992
-52498494
-31723569
34707374
8713462
61229350
51596945
-8713462
-45149827
62190117
-45149827
-52426606
-33115861
70849251
-68761306
-46095319
45044886
48759334
-36356568
-34438296
78858883
-2563895
54386678
-20706036
20706036
-65686298
-5732047
-76596592
4637244
70849251
-18938382
-75538542
-40350971
-62190117
78423343
-23520727
-5732047
-67393764
-33115861
29804343
76186625
-18938382
-66359644
11628731
32862663
77675607
-40350971
-67393764
-10835235
-50423130
-34438296
35432295
76186625
23520727
-91526
-91526
55161667
-33996877
-5732047
10150870
-33115861
62314715
65572026
44572166
56919161
57981483
-6883738
-33115861
15472708
23387161
-20706036
48759334
-37840429
-57981483
68884954
-4961175
29804343
-1
0
-37840429
56142462
-52426606
-33115861
79604797
-11124340
-70022156
-75194309
-63440510
-23387161
52498494
-6883738
-62314715
-40596992
65688543
3769270
-77217146
49242969
-22907918
20706036
-34438296
10150870
29326791
-11195705
78011739
-66359644
-45221086
-977207
-6133898
48759334
31723569
2563895
-45044886
-49798546
-76596592
-3769270
19024754
-76186625
-4637244
-2563895
61229350
-1
0
606270
-73458598
-48759334
-6690619
-68761306
78011739
62767523
-64153342
6883738
-32862663
-29326791
-37840429
45221086
56919161
70849251
-51556294
-34438296
57981483
-38590310
40350971
-66359644
32862663
45221086
-20706036
-37840429
-65686298
-40350971
-73458598
48759334
-23387161
15472708
-17822474
-71801804
64656241
-68761306
62190117
-70022156
-18938382
73374904
-20706036
55952753
-18938382
-11628731
70658325
-5732047
-29326791
-54386678
78423343
-77217146
-2563895
-77675607
606270
-77217146
-35902182
-36356568
-11584602
-52498494
-38590310
-4038619
-15472708
78858883
-29804343
75194309
-11124340
70658325
5647233
68761306
-70849251
-75538542
-54386678
8713462
-76596592
-43051230
-34558621
-75432267
-73458598
53621596
-66621339
23520727
-9903840
-54482628
-64656241
16682274
31164774
-48759334
58664959
-40596992
-68670207
70658325
-45221086
54386678
46095319
-11628731
-14304025
57981483
-54386678
-73374904
45044886
-55161667
-4250837
-73458598
20312114
-2563895
73374904
-77217146
78858883
-77675607
606270
-46095319
-66621339
65572026
-15001038
-64153342
31164774
76186625
62767523
56919161
-56142462
-11628731
-35432295
-67393764
-76186625
-8325118
-17822474
-75538542
38590310
-45679107
-11628731
-40350971
-10819022
45221086
-61285884
56142462
-68761306
-22907918
-73374904
40596992
-52426606
-34558621
70849251
-65572026
6883738
-73458598
-31723569
-54386678
29804343
-45044886
-91526
-34558621
33996877
-31723569
4250837
45679107
10150870
43051230
-17822474
64656241
-64153342
606270
40596992
-79206385
29804343
-52426606
73458598
63440510
-65572026
-31723569
74535674
-18938382
-62314715
-8713462
-17822474
-62314715
-61229350
-23387161
42715141
2563895
-8713462
-79206385
-20706036
73458598
73458598
-52426606
35432295
65686298
-73458598
-2563895
15472708
-26463740
-54386678
-64220233
-33996877
-23520727
76596592
-23520727
4038619
-61229350
76186625
-77217146
23387161
-55952753
42715141
-67393764
-55161667
-78423343
16231170
68884954
-75194309
-66621339
-61229350
15472708
-65686298
8325118
68761306
42715141
-42715141
-14304025
73374904
-40350971
32862663
-91526
15472708
-74535674
45221086
-52426606
-35902182
606270
42715141
-23644063
-5732047
-75538542
-74535674
-23387161
-20312114
14304025
-61285884
-33115861
-78011739
-55952753
-29326791
43118940
64656241
-29326791
-46095319
35902182
-29804343
-45221086
-38590310
-44572166
-23387161
-61229350
36356568
-75538542
53621596
-23387161
40596992
75432267
61285884
26463740
-52498494
-26463740
6883738
-55952753
-43051230
53621596
-1
0
-49242969
-34438296
-15001038
-4250837
8325118
46095319
-75538542
31164774
15472708
-56142462
-40350971
22907918
68670207
-68884954
51596945
5732047
-1
0
32862663
-61229350
-54332134
-23520727
-73458598
15001038
9903840
-6690619
58664959
32862663
-6690619
-66359644
56919161
5647233
40596992
62190117
-16231170
-66621339
55952753
34558621
-73374904
77675607
-91526
76596592
-36356568
-57981483
31164774
-70849251
36356568
-1
0
71801804
-17822474
20312114
-1
0
-23520727
-606270
-977207
56919161
65686298
-44572166
-49798546
-76186625
-4038619
-15001038
44572166
33115861
56848833
32862663
-54386678
-10835235
-6133898
-68884954
-62767523
-62314715
-49798546
-64656241
-66621339
-61285884
-34438296
76596592
-55161667
-34438296
-35401963
-56142462
78011739
57981483
-52498494
48759334
-91526
-67393764
-79206385
-55161667
-37840429
-1
0
-40596992
78011739
-10150870
14189551
-55952753
-49242969
-34438296
-76186625
-8713462
-77217146
-6133898
-54386678
-53621596
-16682274
-20312114
33996877
-23644063
-56142462
-45044886
-33996877
5647233
-51556294
-64656241
36356568
78011739
-16682274
50423130
-1
0
-73374904
74535674
-67393764
45149827
31723569
-49798546
-1
0
52426606
5732047
-34438296
-8325118
-70849251
14189551
-52498494
19024754
-23644063
-68884954
-38590310
20312114
78011739
-45221086
78423343
-48759334
-50954810
70849251
-5647233
-46095319
-37840429
71801804
45149827
-61229350
-73458598
-51596945
6883738
0
76596592
8325118
-73374904
40596992
-22907918
-91526
70849251
-38590310
-50423130
43118940
11195705
-78423343
71801804
4250837
-8713462
-62190117
42715141
-76596592
70849251
-20312114
31164774
2563895
65686298
48759334
35401963
-65686298
79206385
606270
-1
0
-40596992
-31723569
-54386678
29804343
-53621596
-62190117
6883738
-23520727
-17822474
-54332134
-22907918
-45679107
-23387161
52498494
14189551
-20706036
8713462
64656241
70849251
-55161667
-75194309
55161667
-54482628
-8713462
6883738
-35401963
6883738
-2563895
74535674
42715141
55161667
-54482628
-23387161
52498494
4038619
-1
0
36356568
-11124340
15472708
-22907918
-38590310
31164774
977207
-20706036
-43051230
-40596992
-8713462
8325118
54482628
-34707374
-32862663
10819022
-75432267
4637244
-62190117
35401963
51556294
52498494
-38590310
31164774
36356568
-91526
-37840429
-10819022
67393764
-50954810
43118940
5732047
-34558621
49242969
-66621339
76186625
-9903840
-20312114
68670207
-77217146
-75194309
-54386678
56919161
31723569
17822474
-62314715
-4961175
-2563895
-51596945
-68884954
55161667
76186625
11584602
-5732047
33996877
-1
0
-73374904
8325118
70849251
33115861
-77217146
-62767523
-73374904
-14189551
-50423130
-34438296
32862663
-68670207
-6690619
-4038619
-75538542
-61285884
-16231170
15001038
65688543
29326791
-77217146
4961175
-38590310
6883738
-66621339
20312114
-66621339
11628731
-36356568
-66621339
-51556294
-1
0
53621596
-6690619
-79604797
-35401963
34707374
54386678
14304025
-54332134
4038619
29804343
76186625
23387161
-20312114
-33996877
76186625
-29326791
78423343
70022156
-20312114
79206385
-34438296
-55952753
56142462
-45221086
-29326791
66621339
78011739
79256918
-4250837
-10819022
14189551
-75538542
-50954810
33996877
-4637244
-38590310
-56142462
40596992
-68884954
-91526
-10150870
58664959
65572026
-75432267
-62314715
-23387161
15472708
-55952753
-8713462
-56848833
-76596592
-20706036
54386678
-3769270
45679107
64220233
-91526
76596592
4250837
65688543
-68670207
-61285884
11628731
-20706036
19024754
42715141
56848833
-37840429
-48759334
62314715
-1
0
-55952753
-23644063
79206385
-44572166
56142462
-46095319
-4250837
-65686298
-20312114
-4637244
-91526
-50423130
16682274
40350971
-55952753
-1
0
-3769270
-54332134
-50423130
78423343
-5732047
-11124340
53621596
-56142462
66359644
-53621596
606270
-8713462
68670207
-49798546
45221086
26463740
-61285884
-91526
45221086
70658325
56142462
43118940
-76596592
78858883
-4250837
-606270
-51556294
34558621
-38590310
58664959
10835235
-17822474
4637244
55161667
-73458598
7163754
-56848833
-62767523
606270
-6133898
-606270
-78423343
-79604797
64220233
-8713462
33996877
-11124340
-34438296
-56142462
-11628731
-70849251
-29326791
-33115861
20312114
11584602
-65686298
68884954
-43118940
76186625
91526
54332134
45044886
33996877
8713462
-56848833
-55952753
11584602
-35902182
-8713462
51556294
18938382
68761306
-65572026
70658325
-35902182
74535674
18938382
-6690619
68884954
-23387161
-52498494
-73374904
31164774
45044886
-11124340
20706036
-20706036
-56848833
78423343
-29326791
-78011739
-33996877
-68884954
-35902182
-52426606
35432295
19024754
70849251
-6133898
64220233
34707374
-10819022
-35401963
-76186625
-10819022
-606270
56848833
-43051230
78011739
-52426606
-33996877
-15472708
15472708
55161667
15472708
-73374904
55161667
-6883738
-606270
-35401963
606270
-78423343
-11124340
70658325
31723569
-53621596
-29326791
-68884954
51596945
5732047
-3769270
-38590310
-66621339
-56142462
-51596945
-11124340
-35432295
-79604797
78011739
56919161
19024754
42715141
-63440510
-1
0
-10150870
-31723569
31723569
34558621
14304025
6690619
-34558621
53621596
-34438296
-65572026
-68670207
-31723569
-56848833
77675607
56848833
48759334
-23387161
10835235
-62314715
-4961175
-53621596
-29326791
78011739
-53621596
-606270
-2563895
-29326791
-67393764
-11628731
11195705
-50423130
-38590310
-50423130
-1
0
54386678
-5732047
8325118
50423130
67393764
-38590310
-62314715
40596992
79604797
-10150870
-70022156
-35902182
54482628
-48759334
-38590310
-5732047
-38590310
56142462
78011739
18938382
-15001038
-68884954
63440510
62190117
-11195705
33115861
14304025
-91526
-50954810
65686298
-38590310
-23520727
35432295
-6690619
-20706036
-34438296
-50423130
-38590310
4637244
65688543
-1
0
-34438296
50423130
49798546
26463740
77217146
-29326791
-38590310
-4250837
76186625
-64153342
-64153342
-50423130
78011739
4961175
78858883
78858883
58664959
32862663
-11124340
78011739
-75194309
-75194309
-54482628
-1
0
1
-14189551
-3769270
62314715
-79206385
-62190117
-8713462
-5732047
-76596592
55161667
-66359644
34707374
-75194309
-63440510
-1
0
-40596992
-53621596
-10819022
-37840429
-52498494
4038619
-62767523
-6883738
-34558621
15472708
-91526
35401963
76596592
-78423343
-50423130
-38590310
31164774
4637244
-71801804
-53621596
-10819022
-23644063
-6690619
-45044886
-75538542
-45044886
10150870
-66359644
-52498494
4961175
52498494
33115861
62767523
-52426606
62767523
-16682274
29804343
42715141
54332134
-22907918
-91526
33996877
64153342
16682274
34707374
-75194309
-52426606
78423343
-68884954
-62767523
-10819022
-62190117
-1
0
606270
-51596945
-2563895
34558621
-6690619
-42715141
-45149827
-52426606
11124340
53621596
-1
0
-5647233
-8713462
-78858883
34707374
15472708
6883738
-4250837
-1
0
11628731
-6133898
-1
0
-34558621
-18938382
-32862663
-6690619
31723569
-2563895
14189551
-34438296
-56142462
-75432267
-76596592
-29326791
65572026
49242969
-66621339
36356568
-66359644
-11124340
32862663
-55952753
-62767523
-76596592
-6690619
-75432267
51556294
78858883
-4250837
-15001038
-51556294
5647233
-34558621
58664959
-52498494
51596945
14304025
-56848833
78858883
-11195705
56919161
-56142462
-49798546
-33115861
67393764
-73374904
31164774
-32862663
-91526
78423343
-70658325
15472708
-1
0
-23387161
70658325
-51556294
-38590310
23520727
-31723569
606270
-11124340
48759334
-54332134
-66621339
78011739
78011739
54386678
20312114
-75538542
65686298
-51556294
-50954810
-29804343
-38590310
11584602
40596992
70849251
34558621
-23520727
54332134
-11628731
-68884954
-66621339
-1
0
-37840429
14189551
-66359644
-34558621
70658325
51596945
-22907918
10150870
-34707374
-43118940
-66621339
34707374
15472708
-67393764
-64656241
-74535674
-44572166
78011739
-68884954
-34558621
4038619
35401963
-91526
66359644
34707374
91526
-11124340
70658325
5647233
-75538542
-64220233
-23520727
76596592
67393764
-53621596
-3769270
-38590310
-55952753
-34438296
-977207
-68884954
-64656241
78423343
-40350971
20706036
-65686298
56142462
-6690619
-4250837
-34438296
606270
-79604797
20706036
-4250837
50423130
67393764
-29326791
56142462
78011739
-4961175
11124340
-34438296
57981483
4637244
-46095319
-55952753
-75432267
-67393764
15472708
-1
0
-46095319
-74535674
-32862663
-67393764
51556294
35432295
-54482628
23520727
-50954810
-58664959
977207
43118940
-8713462
-4637244
78011739
606270
-38590310
-49798546
-79206385
-76596592
45044886
-606270
-55952753
71801804
-75432267
-54482628
-1
0
-55161667
6690619
74535674
45221086
-50954810
-35401963
31723569
-53621596
-64153342
15001038
23387161
-37840429
-1
0
26463740
-62767523
62190117
51596945
-26463740
54482628
-35902182
-31723569
54386678
-26463740
-65572026
-78423343
-43051230
45221086
31723569
-15472708
-1
0
14304025
-38590310
-54332134
-34438296
50423130
57981483
-35902182
78011739
55161667
4637244
71801804
-37840429
-1
0
32862663
78011739
-43051230
8713462
-65572026
-64656241
14189551
3769270
3769270
-62767523
46095319
-45679107
45044886
-55952753
-22907918
-20706036
34707374
-44572166
-38590310
-61285884
-1
0
35902182
-43051230
-75194309
-22907918
-79604797
-35401963
3769270
-50423130
-2563895
68761306
-66621339
-8325118
33115861
-48759334
17822474
-55161667
-64220233
-52426606
35401963
10819022
6690619
-10819022
-35401963
66621339
-74535674
51556294
76596592
64656241
-74535674
-54386678
-19024754
35902182
-49242969
51596945
-52426606
-75538542
45044886
17822474
11628731
-11195705
-32862663
-77675607
-29804343
10150870
-34558621
57981483
-35401963
22907918
78011739
-9903840
23644063
33996877
-51596945
-9903840
-33115861
34558621
-65572026
78858883
70658325
-11584602
-606270
-31723569
-67393764
-62314715
76186625
-45221086
65688543
62767523
-7163754
-56919161
-22907918
-5732047
-45679107
22907918
-16682274
-11628731
-75432267
-79256918
-78423343
54482628
56919161
70022156
-33996877
31723569
-7163754
-54482628
-55952753
-75432267
-61285884
-73458598
14304025
-1
0
-10150870
-36356568
-38590310
75432267
-1
0
54332134
-4961175
78011739
-7163754
-1
0
40596992
-35432295
-15001038
70849251
8325118
-606270
-55161667
-76186625
20706036
-57981483
-61285884
-1
0
-45221086
36356568
35902182
-68884954
65688543
77675607
-43118940
76186625
-11584602
-1
0
-45221086
6883738
-68884954
50423130
-1
0
-18938382
-31723569
56848833
4038619
76186625
-76596592
22907918
-68670207
-1
0
-2563895
-50423130
-1
0
51556294
-23387161
34558621
-23644063
-49798546
5647233
-16682274
78423343
-34438296
-36356568
-11584602
40596992
79256918
-68884954
-5732047
53621596
-1
0
70849251
11584602
23387161
-34438296
-52426606
-40350971
-10819022
-66359644
56142462
-76596592
45221086
-35432295
-43051230
-75194309
-15001038
78011739
18938382
-1
0
32862663
-5732047
-5732047
43118940
26463740
62314715
53621596
-54482628
-46095319
-65688543
56848833
53621596
-66621339
6690619
-77217146
-68884954
42715141
-55952753
-10150870
-10819022
-1
0
-66621339
-11124340
-34438296
-43118940
4250837
606270
-35902182
23520727
-23520727
-75432267
-18938382
-29326791
-1
0
-40350971
79206385
-38590310
43051230
-8325118
-61229350
-1
0
977207
-66621339
78011739
-3769270
-5732047
-4250837
-37840429
-10819022
-8713462
11195705
-66621339
45149827
78011739
-37840429
-77217146
-43051230
52426606
5647233
78858883
-4250837
-50954810
65686298
-10819022
6883738
-4250837
55952753
0
606270
-54386678
68884954
-4250837
78423343
-68884954
77675607
-1
0
-78011739
43118940
8325118
-56919161
6883738
23387161
-62314715
-75432267
74535674
-51556294
-18938382
23520727
-34438296
49242969
-8325118
15472708
76186625
18938382
29326791
37840429
34707374
-38590310
65688543
-49798546
48759334
-52498494
-1
0
1
56142462
-15001038
48759334
-35432295
606270
-70849251
-5732047
606270
75538542
58664959
-11124340
-62190117
-75194309
-9903840
45044886
-53621596
-4250837
-75538542
58664959
-5647233
55161667
-54332134
-1
0
-66359644
-45149827
-49242969
19024754
-70658325
-1
0
-18938382
70849251
33996877
45679107
71801804
-26463740
-54482628
-37840429
79206385
23644063
-18938382
-46095319
-8713462
73458598
15001038
26463740
45221086
-29804343
11195705
78011739
-62767523
-34707374
-5647233
-43051230
-31164774
64656241
-20312114
65572026
-5647233
-56142462
-75538542
61229350
-51556294
76186625
-70022156
-37840429
-68884954
-31164774
40596992
37840429
-34438296
-36356568
49242969
-55161667
-1
0
977207
54482628
-1
0
1
-8713462
33996877
49798546
-61285884
-11628731
74535674
-10150870
-34707374
-68884954
-37840429
45044886
-35432295
56919161
-77675607
-68884954
66621339
-45044886
64220233
-22907918
-70022156
-31723569
-3769270
62190117
10150870
-35401963
-45044886
-11628731
-49798546
-33115861
54482628
-37840429
-1
0
977207
-66621339
40596992
-36356568
-4961175
75194309
-75194309
-40350971
8325118
42715141
-66359644
-4038619
66359644
-3769270
58664959
57981483
-606270
42715141
-34558621
31723569
-53621596
35902182
-6133898
-2563895
-22907918
-53621596
0
-17822474
45221086
-8713462
-18938382
-34558621
54386678
606270
-37840429
-45679107
-54429900
-1
0
-8713462
-70658325
-91526
-1
0
-34558621
70849251
-6133898
-73458598
-1
0
38590310
62314715
-38590310
-11124340
4961175
-35902182
32862663
8713462
-35902182
4038619
56848833
-68670207
-67393764
-977207
76186625
-79604797
78011739
-3769270
-14304025
68761306
4038619
-11584602
-68884954
-45221086
-4637244
64153342
-79604797
29804343
75432267
-75194309
-78423343
78011739
-34707374
65572026
4637244
-54332134
56919161
-36356568
76596592
-33115861
-977207
-23644063
-1
0
22907918
-3769270
-78858883
55952753
-35432295
-9903840
-38590310
70849251
-91526
32862663
-17822474
71801804
-10150870
-29804343
-1
0
57981483
79206385
-29804343
-1
0
66621339
19024754
-91526
-8325118
-52426606
79206385
-49242969
-75538542
-54386678
66359644
-70658325
-10819022
-20312114
26463740
15472708
-70022156
-55952753
11628731
-75194309
-33115861
-91526
-70849251
3769270
-1
0
5732047
606270
-2563895
76596592
78011739
11584602
4038619
29804343
35401963
23387161
-20312114
74535674
5647233
-68884954
74535674
-38590310
-49242969
6690619
65688543
-51556294
-43051230
-10150870
-4961175
5647233
-73458598
78011739
-3769270
-46095319
-15472708
-1
0
65688543
-23387161
31723569
-11628731
-14304025
56142462
17822474
68761306
-4637244
-56919161
-22907918
-10150870
34438296
-3769270
35401963
-1
0
49798546
-1
0
20312114
4637244
22907918
68761306
-20312114
-14304025
70658325
4961175
-1
0
-55952753
-33996877
14189551
-73374904
17822474
77675607
-50954810
-70658325
56142462
54386678
-17822474
-66359644
58664959
-10150870
62314715
6883738
63440510
-62767523
-7163754
-4961175
4637244
-62190117
-2563895
73374904
-75538542
-46095319
-40350971
-78858883
-33115861
-5647233
-4038619
-66621339
42715141
-67393764
-23387161
-7163754
-1
0
-10819022
-31723569
29804343
76186625
-64656241
34707374
42715141
-61229350
-40350971
65688543
-4250837
-45221086
-33996877
-66621339
42715141
-3769270
-64220233
23387161
-4961175
-91526
42715141
-23520727
-14189551
-74535674
52498494
61285884
-44572166
-62190117
64656241
-11124340
34707374
54332134
-50423130
-34558621
70849251
-23644063
-54386678
-56142462
6133898
-11584602
76596592
-38590310
-2563895
-52498494
-48759334
74535674
-4637244
18938382
78858883
-4250837
-3769270
-79604797
-61229350
14304025
10150870
-606270
76186625
-64153342
-5732047
-62767523
35902182
-38590310
73374904
-33115861
22907918
57981483
-73374904
-53621596
-64153342
68670207
-31723569
-34438296
78858883
-58664959
-76596592
78011739
-45221086
40596992
-18938382
-54429900
-6883738
-57981483
34438296
42715141
16231170
-77217146
-6883738
74535674
-78011739
62314715
-7163754
91526
9903840
-77217146
-11628731
-34438296
-606270
-70658325
74535674
79206385
-76596592
8713462
-52426606
-64656241
-63440510
40596992
-37840429
-64220233
-33996877
-43051230
33996877
-52426606
76186625
-75538542
-73374904
-4038619
-66621339
-70658325
10150870
-38590310
-52498494
48759334
32862663
-606270
78011739
-32862663
-43051230
11628731
6133898
48759334
-62190117
-76596592
76186625
-79604797
-15001038
-3769270
-19024754
-74535674
-19024754
74535674
-11628731
-65572026
68761306
70658325
-36356568
-57981483
45221086
71801804
75194309
64656241
11628731
64656241
-35902182
45221086
-43051230
-55952753
48759334
-11584602
-1
0
-45221086
22907918
45044886
-6690619
-20312114
-20312114
40596992
-49798546
-17822474
-14189551
-57981483
66359644
-73458598
-33996877
40596992
-64656241
68670207
74535674
-73458598
-14189551
23387161
-73374904
79256918
-78423343
-66621339
-74535674
-15001038
-55952753
-19024754
46095319
16682274
-4038619
-46095319
10150870
78423343
-68670207
78423343
42715141
-70022156
-75194309
-15001038
78011739
78011739
-3769270
78011739
-35432295
-8713462
68761306
40350971
-35432295
42715141
55161667
-20312114
56848833
34707374
-23520727
-4961175
-50954810
-64153342
-53621596
-52426606
-78858883
42715141
-23520727
56142462
-10835235
-73374904
-53621596
55161667
-34438296
-37840429
-4250837
-8325118
-1
0
-43051230
22907918
-5732047
-29326791
-1
0
45044886
-35401963
26463740
-61285884
-91526
45221086
-36356568
-4250837
-53621596
-75194309
-1
0
-75194309
3769270
-5732047
-62767523
-50423130
70849251
75194309
-73458598
-66621339
-50423130
-68670207
-1
0
-71801804
-68884954
62190117
32862663
-75194309
-10819022
-15001038
-20312114
-55161667
78011739
-66621339
-40350971
-38590310
45044886
-31723569
64153342
42715141
-75538542
-15472708
22907918
77217146
-23520727
65688543
-62190117
78011739
-64153342
-20312114
26463740
-5732047
35902182
76186625
-1
0
55161667
78011739
-33115861
51596945
-35902182
61229350
76596592
-56142462
-1
0
-10150870
-70022156
42715141
-5732047
-55952753
42715141
-43051230
-1
0
34438296
23520727
-91526
45221086
-78423343
-79206385
45221086
-1
0
-4250837
78858883
-4961175
-64153342
-20312114
73374904
64220233
78858883
9903840
9903840
-43051230
-35902182
75432267
-75194309
-5732047
-55952753
-5732047
-31723569
-45221086
70022156
78011739
65572026
79206385
-50954810
11124340
71801804
76596592
46095319
6883738
-70022156
-75194309
11628731
6883738
-64153342
-38590310
15472708
-55161667
-38590310
-1
0
-91526
-35401963
-74535674
14304025
11584602
-43051230
-6690619
42715141
-61285884
-11584602
-70849251
-3769270
38590310
-45679107
-8713462
6883738
-4250837
78858883
-57981483
-1
0
62314715
35902182
-18938382
-38590310
58664959
-4038619
-91526
-53621596
-77217146
40350971
-38590310
49798546
-11124340
-34438296
-26463740
19024754
-51556294
48759334
-77217146
-977207
-10819022
23387161
23520727
7163754
8713462
-6690619
11195705
-79604797
4961175
-5732047
-35902182
75432267
-40350971
79604797
-1
0
-73458598
62767523
-61285884
-5732047
62767523
34707374
51596945
34707374
65686298
-44572166
-6133898
-31723569
2563895
-11195705
48759334
-29326791
63440510
68884954
-29326791
78011739
-73374904
54332134
-40596992
-33115861
-45221086
-44572166
977207
-78011739
-1
0
75538542
-75194309
-42715141
78423343
68884954
-67393764
-20312114
78423343
-48759334
42715141
-73374904
64656241
71801804
-78858883
67393764
-91526
64656241
-76596592
63440510
-75194309
-4250837
62767523
29804343
54332134
-65686298
4038619
32862663
10150870
-64153342
54332134
70022156
42715141
56919161
-45679107
22907918
-55161667
-34558621
-40350971
-43118940
76596592
-61229350
29804343
78423343
-42715141
-10819022
-79256918
-1
0
-45221086
-56142462
-79206385
-4961175
-51556294
40596992
-66621339
-53621596
4250837
29804343
-43051230
51556294
46095319
-11628731
10819022
-79206385
-1
0
2563895
5647233
-68884954
-11628731
-31723569
-62767523
42715141
-36356568
-71801804
4038619
78011739
-42715141
-75538542
23520727
-1
0
-20312114
56142462
-34707374
33115861
-52426606
-2563895
-76186625
65688543
34438296
-78858883
23644063
-70849251
-17822474
-35902182
-73458598
-62190117
23387161
65572026
-62767523
8325118
-63440510
-36356568
-70658325
-91526
-79604797
-5732047
-54386678
-1
0
34707374
-1
0
-73458598
45221086
73458598
45149827
977207
-56142462
34558621
-64220233
-75432267
-45679107
-5732047
11628731
65686298
-79256918
-4250837
-51556294
-54386678
-6690619
-68670207
-29326791
-6690619
-8713462
-75538542
20312114
75538542
74535674
-49798546
20706036
55952753
-75538542
-53621596
-91526
33996877
-61285884
-70022156
70849251
-5732047
-63440510
-2563895
64656241
-77217146
15472708
-8325118
-38590310
-11124340
-11584602
43118940
57981483
-34707374
-37840429
76186625
-46095319
78423343
-52426606
40596992
-52498494
-75432267
-11124340
-66359644
-11124340
48759334
-11584602
-68884954
45679107
-1
0
-6690619
56142462
-76596592
-4637244
79206385
56919161
-56142462
-40350971
-10819022
45221086
15472708
-37840429
-4250837
43118940
68884954
26463740
78423343
55952753
-75538542
-55161667
-77217146
-66621339
48759334
46095319
-11628731
22907918
-79206385
-22907918
-34438296
70849251
-4961175
-35401963
-2563895
1
-5732047
-65688543
-55952753
75432267
-54482628
-66621339
76186625
34707374
-16682274
42715141
-73374904
45044886
-91526
-42715141
11124340
75194309
-54482628
-35432295
-75194309
79604797
34707374
16682274
-77217146
-75194309
-70658325
48759334
-75432267
-50423130
-40350971
16682274
-5732047
-62767523
-35432295
79206385
65688543
-36356568
-34707374
66359644
54482628
-61285884
-34558621
-49798546
-61229350
55952753
43118940
-55952753
75194309
-54482628
-1
0
-40596992
45221086
-64153342
54482628
-9903840
-5732047
50423130
78011739
55952753
-38590310
-1
0
-70022156
70849251
-36356568
79256918
70849251
-50423130
-15001038
79206385
-76596592
50423130
-49798546
-50423130
-38590310
-56142462
-10819022
-37840429
-1
0
-23387161
-35401963
-11124340
22907918
-76186625
7163754
-10150870
-35902182
20706036
-76596592
78011739
-37840429
43051230
-31164774
-11584602
-23387161
-22907918
4038619
-77217146
43118940
-78423343
-4038619
22907918
-38590310
77675607
42715141
-63440510
-1
0
-20312114
-78423343
34707374
-64153342
-37840429
76596592
51556294
75432267
-43118940
-45679107
15472708
62314715
-29804343
-43118940
40596992
-14304025
68761306
-11124340
65572026
-33996877
-64656241
17822474
-79256918
-49242969
-55952753
-62314715
6690619
54386678
33115861
19024754
-74535674
56142462
-66621339
-4250837
3769270
74535674
40596992
10150870
16231170
45221086
-14304025
35401963
-70022156
-31723569
-3769270
58664959
31723569
-43051230
3769270
2563895
53621596
-77675607
-29804343
-76596592
4637244
49798546
-40596992
-8713462
58664959
-49242969
56919161
75194309
-1
0
-68670207
-8713462
-50423130
-6690619
17822474
-29804343
74535674
-5647233
-58664959
-23644063
-11584602
-76186625
-65686298
-9903840
-18938382
-91526
65572026
-56142462
20312114
2563895
49242969
-56142462
-6690619
-23387161
34707374
-10835235
2563895
6133898
70022156
1
-4250837
44572166
-10819022
-68670207
-34438296
-50423130
-34438296
78423343
-76186625
-49798546
-1
0
-35432295
-56142462
14189551
23520727
-11628731
78011739
-6690619
78011739
-14189551
-23387161
31164774
-19024754
-1
0
36356568
-1
0
-56142462
-1
0
-4250837
62767523
77675607
33996877
55161667
78858883
-4961175
-20706036
-1
0
-46095319
23387161
-1
0
68884954
-91526
-17822474
71801804
-22907918
-10835235
79206385
-66621339
-49798546
-46095319
-1
0
-56142462
62767523
14304025
-34558621
78011739
55161667
-46095319
-66621339
34707374
-50954810
58664959
10819022
-5732047
-43051230
6133898
-34438296
-33996877
-50423130
76596592
-48759334
-34558621
42715141
-52426606
-75194309
-38590310
-15472708
35401963
8713462
-2563895
11124340
65688543
-11124340
-38590310
-54332134
-10819022
6883738
-75432267
-55952753
42715141
70658325
-10819022
-23644063
-46095319
34438296
45221086
-44572166
-50423130
76596592
-54482628
-34438296
-37840429
-4250837
-18938382
52498494
-10819022
70658325
606270
-37840429
23387161
-50423130
-34438296
77675607
-75194309
-62767523
-4961175
-32862663
-8713462
33996877
-6690619
-75194309
-55952753
-11628731
6883738
-34438296
-11195705
-8713462
65572026
-1
0
-11628731
70849251
42715141
-20706036
62314715
-45044886
79206385
7163754
-38590310
45044886
-7163754
34707374
-50423130
33996877
-34438296
-34558621
-8713462
-4961175
35432295
49798546
-20312114
79206385
-20706036
14304025
63440510
-1
0
-34707374
-76596592
17822474
-68670207
-52426606
78011739
-64153342
67393764
-4250837
-35902182
-61229350
48759334
15472708
23520727
-74535674
-1
0
11124340
8713462
-15472708
65688543
48759334
-35401963
-73374904
-977207
56142462
-54386678
48759334
-38590310
-31164774
20706036
-4250837
-29804343
57981483
63440510
-51556294
-1
0
18938382
70849251
40596992
-6690619
-45149827
6883738
20706036
34707374
19024754
34707374
36356568
-91526
54482628
29804343
65572026
-52498494
78858883
-40350971
-31164774
-71801804
8325118
49798546
-34707374
-66359644
76186625
-77217146
62314715
35401963
-91526
-5732047
-55161667
-38590310
-977207
68761306
-6690619
-16682274
51596945
-10150870
79206385
6883738
-57981483
-45221086
-70022156
6883738
8325118
-79256918
-23644063
-34438296
-62314715
-56142462
29804343
-75194309
-34558621
-76186625
-71801804
-57981483
57981483
-44572166
11195705
-56142462
75432267
4038619
55161667
-34707374
-4637244
-45679107
54482628
-77217146
48759334
40596992
-4961175
-52426606
-75538542
31164774
-35432295
20706036
55952753
-75538542
-75194309
6133898
-62314715
-5732047
-61285884
-14304025
-58664959
76186625
-1
0
18938382
-66359644
43118940
-1
0
-68670207
-8713462
-64153342
5647233
-51556294
4250837
-18938382
-1
0
10819022
23520727
-54386678
78011739
50954810
-23520727
-1
0
-37840429
61229350
68761306
56848833
-1
0
-66621339
3769270
70849251
-11584602
-45221086
52426606
37840429
-4250837
-6690619
9903840
17822474
5647233
-73374904
65688543
33115861
-48759334
10150870
-4637244
-91526
-73458598
32862663
-4250837
-5732047
-68761306
9903840
-79256918
-34438296
-54332134
-34558621
-51596945
-5647233
-6883738
-18938382
51556294
-1
0
606270
-1
0
-6690619
73374904
606270
-74535674
-43118940
-1
0
-58664959
4637244
-44572166
55952753
31723569
17822474
-1
0
-40596992
-38590310
79206385
-55161667
18938382
-38590310
-4250837
-4961175
-35401963
-54386678
42715141
-4250837
45221086
-37840429
-48759334
8713462
45149827
64656241
61285884
7163754
-70022156
20706036
1
-4961175
33115861
-22907918
4637244
-46095319
-1
0
61229350
61229350
-33996877
29804343
-20312114
6883738
-68884954
-34558621
79206385
77217146
-73458598
58664959
43051230
-75432267
-5647233
23644063
34707374
-73458598
23520727
-2563895
6133898
-51596945
-75538542
-70849251
20706036
-23520727
-5732047
56919161
-38590310
-66359644
-78423343
68761306
53621596
52498494
-67393764
-75194309
-75538542
36356568
-62767523
52498494
4038619
-75538542
-22907918
45221086
-35401963
29804343
29326791
42715141
15001038
31723569
31723569
4038619
-75538542
-31164774
-34438296
-4637244
-1
0
11124340
-43118940
-68884954
35401963
-61285884
54386678
55161667
-38590310
7163754
56919161
-56142462
-61285884
-45149827
-55952753
-43118940
51556294
76186625
-10150870
-53621596
-73458598
-75194309
-62767523
-8713462
-42715141
34558621
14189551
-1
0
36356568
-55952753
-75432267
-15001038
50423130
-49798546
-76596592
-73374904
-50423130
40596992
-11124340
-26463740
10150870
-5647233
-31723569
29804343
-22907918
-68761306
-46095319
8325118
58664959
34707374
45221086
-49798546
68761306
-35432295
-74535674
45221086
-37840429
45044886
-52498494
-75432267
45044886
10150870
66621339
54332134
32862663
-22907918
-19024754
-14189551
8325118
-9903840
-31164774
-35902182
-8713462
79206385
-15001038
51596945
-67393764
-46095319
-35902182
77675607
-52426606
-64656241
6690619
68670207
-5732047
-977207
-45044886
-40350971
-10819022
-55952753
78011739
-14189551
-23387161
35902182
-61285884
35432295
-50423130
-65572026
56142462
-18938382
-48759334
20706036
-4250837
-53621596
-34438296
73374904
-49242969
-35401963
-1
0
77217146
76596592
-35432295
-29326791
22907918
10835235
-38590310
-73458598
77675607
-1
0
40596992
-977207
79206385
52426606
-67393764
6883738
15472708
-11124340
-75432267
-50954810
-68884954
76186625
11124340
70658325
-33996877
62190117
-68761306
11584602
-50954810
-62190117
68670207
-4637244
5647233
48759334
70849251
-29326791
61285884
45221086
-54332134
-23520727
-8713462
-40596992
-20706036
78858883
14189551
74535674
-35401963
-62314715
-61229350
-23387161
31723569
-65572026
-78858883
-18938382
11628731
-77675607
62314715
-68884954
-49798546
76186625
-56848833
-1
0
-6133898
-45149827
-16231170
-56142462
-11124340
-70849251
-35401963
-34558621
6883738
70022156
70022156
2563895
6133898
0
56919161
22907918
53621596
-1
0
75194309
6690619
-62767523
45044886
-37840429
-38590310
54386678
-54332134
-4038619
-9903840
-16231170
-52426606
64220233
79206385
-51596945
-61229350
-38590310
20312114
19024754
2563895
75432267
-77675607
-54386678
-65572026
-53621596
-66621339
4961175
-53621596
-4961175
-1
0
9903840
-32862663
-2563895
-1
0
-3769270
-22907918
-34438296
22907918
54386678
70022156
8713462
49798546
-65572026
-44572166
-66359644
52426606
78011739
-78858883
31164774
76186625
-91526
1
-45221086
-1
0
-61229350
91526
56919161
6690619
20706036
56142462
16682274
-2563895
-26463740
-52498494
78011739
-9903840
56919161
-43051230
76596592
-4961175
15001038
43118940
-6690619
-5732047
-11584602
10819022
56919161
-1
0
4038619
-50954810
-1
0
-10835235
-6690619
-49798546
-17822474
-37840429
-4961175
56919161
76596592
-38590310
-91526
2563895
6133898
77675607
-3769270
-53621596
34438296
52498494
-52498494
-10819022
-78011739
-34558621
78011739
64153342
42715141
-11584602
5732047
-63440510
-1
0
-23387161
-35401963
-15472708
-43118940
-1
0
-10150870
-52498494
70022156
70849251
61229350
33115861
-45679107
4637244
77217146
-33115861
54386678
68761306
-5647233
6133898
57981483
7163754
43051230
50423130
-65572026
-54332134
-4637244
70022156
2563895
34558621
-71801804
70658325
43051230
77675607
-4038619
-9903840
-16682274
-61285884
75194309
-54482628
-67393764
35432295
23520727
-4038619
-9903840
606270
52426606
-52498494
45044886
-61285884
65572026
70849251
-38590310
-4038619
-9903840
31723569
63440510
34707374
977207
52498494
-16682274
-3769270
48759334
-5732047
-51556294
-49798546
49798546
-52426606
70022156
-1
0
-18938382
40596992
16682274
-8713462
-65686298
-606270
-3769270
-75194309
56848833
-79206385
-14189551
77675607
-23387161
57981483
-65572026
70022156
2563895
2563895
-45044886
-75538542
-52498494
14304025
20706036
-44572166
-76596592
79604797
-50423130
6133898
62767523
-62767523
-53621596
62190117
70022156
2563895
6133898
0
78011739
-1
-23520727
